/STRDATA * strdata3
* Kit 1003739 has 838 STRs.
1003739 13 22 14 11 11 16 12 12 13 14 13 30 16 9 10 11 11 25 14 19 29 15 15 16 18 11 11 19 22 19 14 16 17 36 39 13 12 11 9 15 16 8 10 10 8 10 10 12 23 23 16 10 12 12 15 8 12 22 20 13 12 11 13 11 11 13 12 35 15 9 17 12 25 27 19 12 11 13 12 10 9 12 12 10 11 11 30 11 13 24 13 10 10 21 15 19 14 24 15 12 15 24 12 25 18 10 14 17 9 12 11 5 4 4 4 7 5 4 11 11 4 4 5 4 9 4 4 6 6 4 4 5 4 5 5 5 5 4 5 6 5 7 4 5 4 4 5 6 4 4 6 5 4 4 4 6 10 4 4 8 6 5 4 5 8 5 8 5 10 7 7 8 7 5 5 5 12 4 4 8 5 5 7 11 5 11 5 5 5 5 7 6 6 6 7 5 6 15 4 5 4 4 5 5 5 5 5 8 9 6 5 6 6 9 5 4 4 5 5 10 5 5 5 4 5 8 4 4 4 4 8 5 6 6 4 4 4 5 11 4 6 6 6 4 4 4 4 5 6 6 4 9 4 10 12 4 5 5 8 6 11 6 5 12 5 6 6 5 8 4 4 4 6 4 4 5 11 7 5 11 5 5 4 12 8 6 10 7 5 4 4 5 5 8 4 6 7 10 4 6 4 10 11 4 5 12 7 4 5 6 11 6 N 5 4 9 5 5 5 9 12 10 6 6 6 8 4 6 4 7 4 7 5 8 5 6 5 7 4 11 5 6 4 5 7 4 4 4 7 5 4 7 6 5 6 9 5 5 6 8 8 6 6 6 4 4 6 4 10 12 10 6 6 4 6 5 5 5 4 4 5 13 5 14 4 5 8 6 13 10 7 5 5 6 12 4 6 7 6 14 4 5 6 5 5 6 5 5 5 5 8 10 11 4 4 9 11 7 4 11 4 5 9 10 9 12 10 5 N 19 5 9 14 5 4 7 7 13 11 10 4 N 5 4 6 5 4 4 8 4 6 4 7 5 8 5 4 8 14 11 4 7 5 8 8 4 7 5 9 5 6 4 6 11 5 4 6 4 10 6 6 4 11 7 6 11 4 11 11 10 11 5 5 9 4 4 10 10 4 8 5 12 5 11 4 12 4 11 4 5 5 4 5 5 5 11 10 6 5 5 11 4 5 7 4 13 5 4 4 12 4 5 11 4 11 8 6 10 5 9 9 5 7 4 7 6 10 5 13 8 7 4 13 8 4 4 11 4 13 12 9 5 6 4 N 4 11 12 7 15 4 6 20 10 4 9 5 7 5 N 5 5 4 4 15 11 6 6 N 6 23 5 5 6 9 7 10 4 4 16 6 10 6 7 5 5 4 10 14 6 5 10 6 5 7 5 4 18 6 9 6 N 4 12 5 16 13 13 6 11 5 8 4 5 10 11 4 11 5 6 5 N 5 5 6 N 5 8 6 4 8 N 7 6 11 N 4 9 7 8 N 5 5 8 11 4 8 N 8 5 4 9 10 8 5 5 4 N 15 13 11 13 5 7 9 8 16 4 9 4 4 8 7 15 11 11 4 5 6 9 6 5 9 14 5 16 4 N 7 5 N 4 16 19 10 5 9 10 4 4 4 10 8 10 4 8 6 N 6 N 4 N N 13 5 5 6 7 12 14 5 N 4 7 5 N 9 4 6 5 4 5 4 12 7 8 7 6 11 N 6 6 9 4 5 13 6 12 4 4 N 10 N 5 10 4 N N 4 5 N 5 11 5 12 6 4 N 7 4 5 6 6 5 4 16 4 4 5 5 4 4 10 6 12 8 5 15 N 5 11 5 5 5 N N 11 10 6 16 7 7 7 8 5 9 6 7 4 11 13 N 5 10 7 5 5 8
* Kit 201897 has 838 STRs.
201897 13 22 14 11 11 15 12 12 13 13 13 29 16 9 10 11 11 26 14 19 29 15 15 16 17 11 11 19 22 16 14 16 17 37 38 13 13 11 9 15 16 8 10 10 8 10 10 12 23 23 16 10 12 12 15 8 12 22 20 13 12 11 13 11 11 13 12 35 15 9 16 12 25 26 19 12 11 14 12 10 9 12 12 10 11 11 30 11 13 24 13 10 10 22 14 19 14 24 15 12 15 24 12 25 18 10 14 17 9 12 11 5 4 4 4 7 5 4 11 11 4 4 5 4 9 4 4 6 6 4 4 5 4 5 5 5 5 4 5 6 5 7 4 5 4 4 5 6 4 4 6 5 4 4 4 6 10 4 4 8 6 5 4 5 8 5 8 5 10 7 7 8 7 5 5 5 12 4 4 8 5 5 7 11 5 11 5 5 5 5 7 6 6 6 7 5 6 16 4 5 4 4 5 5 5 5 5 8 9 6 5 6 6 9 5 4 4 5 5 10 5 5 5 4 5 8 4 4 4 4 8 5 6 6 4 4 4 5 11 4 6 6 6 4 4 4 4 5 6 6 4 9 4 10 12 4 5 5 8 6 11 6 5 13 5 6 6 5 8 4 4 4 6 4 4 5 11 7 5 11 5 5 4 12 8 6 10 7 5 4 4 5 5 8 4 6 7 10 4 6 4 10 11 4 5 12 7 4 5 6 11 6 8 5 4 9 5 5 5 9 12 10 6 6 6 8 4 6 4 7 4 7 5 8 5 6 5 7 4 11 5 6 4 5 7 4 4 4 7 5 4 7 6 5 6 9 5 5 6 8 8 6 6 6 4 4 6 4 10 12 10 6 6 4 6 5 5 5 4 4 5 13 5 14 4 5 8 6 13 10 7 5 5 6 12 4 6 7 6 14 4 5 6 5 5 6 5 5 5 5 8 10 11 4 4 9 11 7 4 11 4 5 9 10 9 12 10 5 4 18 5 10 14 5 4 7 7 13 11 10 4 10 5 4 6 5 4 4 8 4 6 4 7 5 8 5 4 8 14 11 4 7 5 8 8 4 7 5 9 5 6 4 6 11 5 4 6 4 10 6 6 4 11 7 6 11 4 11 11 10 10 5 5 9 4 4 10 10 4 8 5 12 5 11 4 12 4 11 4 5 5 4 5 5 5 11 11 6 5 5 11 4 N 7 4 13 5 4 4 12 4 5 11 4 11 8 6 10 5 9 9 5 7 4 7 6 10 5 13 8 7 4 13 8 4 4 11 4 N 12 9 5 6 4 N 4 11 12 7 N 4 6 20 N 4 9 5 7 N N 5 5 N 4 15 11 6 6 4 6 24 N 5 6 9 7 10 4 4 16 6 10 6 7 5 5 4 10 13 6 5 10 6 5 7 5 4 N 6 9 N 4 4 12 5 16 13 N 6 11 5 8 4 5 10 11 4 11 5 6 5 4 5 5 6 N 5 8 6 4 N 6 7 6 N 16 4 9 7 8 N 5 5 N 11 4 8 N N 5 4 N 10 8 5 5 4 N 15 13 N N 5 N 9 8 17 4 9 4 4 8 7 15 11 11 4 5 6 9 N 5 9 14 5 16 4 12 7 5 8 4 N 19 10 5 9 10 4 4 4 10 8 10 4 8 6 N N 13 4 11 5 13 5 5 N 7 12 N 5 10 4 7 5 4 9 4 6 5 4 5 N 12 N 8 7 6 11 N 6 6 9 4 5 13 6 12 4 4 N N 8 5 10 4 N N 4 5 4 5 N 5 12 6 4 16 N 4 5 6 N 5 4 N 4 4 5 5 4 N 10 6 12 8 5 15 4 5 11 5 5 5 7 11 11 10 6 16 7 7 7 8 5 9 6 7 4 11 13 9 5 10 7 N 5 N
* Kit 202391 has 838 STRs.
202391 13 22 14 10 11 15 12 12 13 13 13 29 16 9 10 11 11 26 14 19 29 15 15 16 17 11 11 19 22 16 14 16 17 37 38 12 13 11 9 15 16 8 10 10 8 10 10 12 23 23 16 10 12 12 15 8 12 22 21 13 12 11 13 11 11 13 12 35 15 9 16 12 23 26 19 12 11 13 12 10 9 12 12 10 11 11 30 11 13 24 13 10 10 24 15 19 14 24 15 12 15 24 12 25 18 10 14 17 9 12 11 5 4 4 4 7 5 4 11 11 4 4 5 4 9 4 4 6 6 4 4 5 4 5 5 5 5 4 5 6 5 7 4 5 4 4 5 6 4 4 6 5 4 4 4 6 10 4 4 8 6 5 4 5 8 5 8 5 10 7 7 8 7 5 5 5 12 4 4 8 5 5 7 11 5 11 5 5 5 5 7 6 6 6 7 5 6 13 4 5 4 4 5 5 5 5 5 8 9 6 5 6 6 9 5 4 4 5 5 10 5 5 5 4 5 8 4 4 4 4 8 5 6 6 4 4 4 5 11 4 6 6 6 4 4 4 4 5 6 6 4 9 4 10 12 4 5 5 8 6 11 6 5 13 5 6 6 5 8 4 4 4 6 4 4 5 11 7 5 11 5 5 4 12 8 6 10 7 5 4 4 5 5 8 4 6 7 10 4 6 4 10 11 4 5 12 7 4 5 6 11 6 N 5 4 9 5 5 5 9 12 10 6 6 6 8 4 6 4 7 4 7 5 8 5 6 5 7 4 11 5 6 4 5 7 4 4 4 7 5 4 7 6 5 6 9 5 5 6 8 8 6 6 6 4 4 6 4 10 12 10 6 6 4 6 5 5 5 4 4 5 13 5 14 4 5 8 6 13 10 7 5 5 6 12 4 6 7 6 14 4 5 6 5 5 6 5 5 5 5 8 10 11 4 4 9 11 7 4 11 4 5 9 10 9 12 10 5 4 18 5 10 14 5 4 7 7 13 11 10 4 10 5 4 6 5 4 N 8 4 6 4 7 5 8 5 4 8 14 11 4 7 5 8 8 4 7 5 9 5 6 4 6 11 5 4 6 4 10 6 6 4 11 7 6 11 4 11 11 10 10 5 5 9 4 4 10 10 4 8 5 12 5 11 4 12 4 11 4 5 5 4 5 5 5 11 11 6 5 5 11 4 5 7 4 13 5 4 4 12 4 5 11 4 11 8 6 10 5 9 9 5 7 4 N N 10 5 13 8 7 N 13 8 4 4 11 4 13 12 9 5 6 4 N 4 11 12 7 15 4 6 20 10 4 9 5 7 5 N 5 5 4 4 15 11 6 6 N 6 24 5 5 6 9 7 10 4 4 16 6 10 6 7 5 5 4 10 13 6 5 10 6 5 7 5 4 18 6 9 N 4 4 12 5 16 13 13 6 11 5 8 4 5 10 11 4 11 5 6 5 4 5 5 6 N 5 8 6 4 8 6 7 6 N 16 4 9 7 8 N 5 5 8 11 4 8 24 8 5 4 9 10 8 5 5 4 11 15 13 11 13 N 7 9 8 17 4 9 4 4 8 7 15 11 11 4 5 6 9 6 5 9 14 5 N 4 N 7 5 N 4 16 N 10 5 9 10 4 4 4 10 8 10 4 8 6 13 6 N 4 11 5 13 5 5 6 7 12 14 5 N 4 7 5 4 9 4 6 5 4 5 4 12 7 N 7 6 11 N 6 6 9 4 5 13 6 12 4 4 N 10 8 5 10 4 N 6 4 5 4 5 11 5 12 6 4 16 7 4 5 6 6 5 4 16 4 4 5 5 4 4 N 6 12 8 5 15 N 5 11 5 5 5 7 11 11 10 6 16 7 7 7 8 5 9 6 7 4 11 13 9 5 10 7 5 5 8
* Kit 242252 has 838 STRs.
242252 13 22 14 11 11 15 12 12 12 13 13 29 16 9 10 11 11 26 14 19 29 15 15 16 17 11 11 19 22 16 14 16 17 37 38 13 13 11 9 15 16 8 10 10 8 10 10 12 23 23 16 10 12 12 15 8 12 22 20 13 12 11 13 11 11 13 12 35 15 9 16 12 25 26 19 12 11 14 12 10 9 12 12 10 11 11 30 11 13 24 13 10 10 22 15 19 14 24 15 12 15 24 12 25 18 10 14 17 9 12 11 5 4 4 4 7 5 4 11 11 4 4 5 4 9 4 4 6 6 4 4 5 4 5 5 5 5 4 5 6 5 7 4 5 4 4 5 6 4 4 6 5 4 4 4 6 10 4 4 8 6 5 4 5 8 5 8 5 10 7 7 8 7 5 5 5 12 4 4 8 5 5 7 11 5 11 5 5 5 5 7 6 6 6 7 5 6 16 4 5 4 4 5 5 5 5 5 8 9 6 5 6 6 9 5 4 4 5 5 10 5 5 5 4 5 8 4 4 4 4 8 5 6 6 4 4 4 5 11 4 6 6 6 4 4 4 4 5 6 6 4 9 4 10 12 4 5 5 8 6 11 6 5 13 5 6 6 5 8 4 4 4 6 4 4 5 11 7 5 11 5 5 4 12 8 6 10 7 5 4 4 5 5 8 4 6 7 10 4 6 4 10 11 4 5 12 7 4 5 6 11 6 8 5 4 9 5 5 5 9 12 10 6 6 6 8 4 6 4 7 4 7 5 8 5 6 5 7 4 11 5 6 4 5 7 4 4 4 7 5 4 7 6 5 6 9 5 5 6 8 8 6 6 6 4 4 6 4 10 12 10 6 6 4 6 5 5 5 4 4 5 13 5 14 4 5 8 6 13 10 7 5 5 6 12 4 6 7 6 14 4 5 6 5 5 6 5 5 5 5 8 10 11 4 4 9 11 7 4 11 4 5 9 10 9 12 10 5 4 18 5 10 14 5 4 7 7 13 11 10 4 10 5 4 6 5 4 4 8 4 6 4 7 5 8 5 4 8 14 11 4 7 5 8 8 4 7 5 9 5 6 4 6 11 5 4 6 4 N 6 6 4 11 7 6 11 4 11 11 10 10 5 5 9 4 4 10 10 4 8 5 12 5 11 4 12 4 N 4 5 5 4 5 5 5 11 11 6 5 5 11 4 5 7 4 13 5 4 4 12 4 5 11 4 11 8 6 10 5 9 9 5 7 4 7 6 10 5 13 8 7 4 13 8 4 4 11 4 13 12 9 5 6 4 N 4 11 12 7 N 4 6 19 10 4 9 5 7 N N 5 5 4 4 15 N 6 6 N 6 24 N 5 6 9 7 10 4 4 16 6 10 6 7 5 5 4 10 13 6 5 N N 5 7 5 4 N 6 N N 4 4 12 5 16 13 N 6 11 5 8 4 5 10 11 4 11 5 6 5 4 5 5 N N 5 8 N 4 8 6 7 6 11 N 4 9 7 N N 5 5 N 11 4 8 23 N 5 4 N 10 8 5 5 4 11 15 13 N 13 5 7 9 8 17 4 9 4 4 8 7 15 11 11 4 5 6 9 6 5 9 14 5 16 4 12 7 5 8 4 16 19 10 5 9 10 4 4 4 10 8 10 4 8 6 N N 13 4 11 5 13 5 5 6 7 12 14 5 N 4 7 5 4 9 4 6 5 4 5 N 12 N 8 7 6 11 N 6 6 9 4 5 13 6 12 4 4 N N 8 5 10 4 5 N 4 5 N N N 5 12 6 4 16 7 4 5 6 6 5 4 16 4 4 N 5 4 4 10 N 12 8 5 15 4 5 N 5 5 5 7 11 11 10 6 N 7 7 7 8 5 9 6 7 4 11 N 9 5 10 7 N 5 8
* Kit 310513 has 838 STRs.
310513 13 22 14 11 11 15 12 12 14 13 13 29 16 9 10 11 11 26 14 19 28 15 15 16 17 11 11 19 22 16 14 16 17 37 38 13 13 11 9 15 16 8 10 10 8 10 10 12 23 23 16 10 12 12 15 8 12 22 20 13 12 11 13 11 11 13 12 35 15 9 16 12 23 26 19 12 11 13 12 10 9 12 12 10 11 11 30 11 13 24 13 10 10 23 15 19 14 24 15 12 15 24 12 25 18 10 14 17 9 12 11 5 4 4 4 7 5 4 11 11 4 4 5 4 9 4 4 6 6 4 4 5 4 5 5 5 5 4 5 6 5 7 4 5 4 4 5 6 4 4 6 5 4 4 4 6 10 4 4 8 6 5 4 5 8 5 8 5 10 7 7 8 7 5 5 5 12 4 4 8 5 5 7 11 5 11 5 5 5 5 7 6 6 6 7 5 6 15 4 5 4 4 5 5 5 5 5 8 9 6 5 6 6 9 5 4 4 5 5 10 5 5 5 4 5 8 4 4 4 4 8 5 6 6 4 4 4 5 11 4 6 6 6 4 4 4 4 5 6 6 4 9 4 10 12 4 5 5 8 6 11 6 5 13 5 6 6 5 8 4 4 4 6 4 4 5 11 7 5 11 5 5 4 12 8 6 10 7 5 4 4 5 5 8 4 6 7 10 4 6 4 10 11 4 5 12 7 4 5 6 11 6 8 5 4 9 5 5 5 9 12 10 6 6 6 8 4 6 4 7 4 7 5 8 5 6 5 7 4 11 5 6 4 5 7 4 4 4 7 5 4 7 6 5 6 9 5 5 6 8 8 6 6 6 4 4 6 4 10 12 10 6 6 4 6 5 5 5 4 4 5 13 5 14 4 5 8 6 13 10 7 5 5 6 12 4 6 7 6 14 4 5 6 5 5 6 5 5 5 5 8 10 11 4 4 9 11 7 4 11 4 5 9 10 9 12 10 5 4 18 5 10 14 5 4 7 7 13 11 10 4 10 5 4 6 5 4 4 8 4 6 4 7 5 8 5 4 8 14 11 4 7 5 8 8 4 7 5 9 5 6 4 6 11 5 4 6 4 10 6 6 4 11 7 6 11 4 11 11 10 10 5 5 9 4 4 10 10 4 8 5 12 5 11 4 12 4 11 4 5 5 4 5 5 5 11 11 6 5 5 11 4 5 7 4 13 5 4 4 12 4 5 11 4 11 8 6 10 5 9 9 5 7 4 7 6 10 5 13 8 7 4 13 8 4 4 11 4 13 12 9 5 6 4 N 4 11 12 7 12 4 6 N 10 4 9 5 7 5 N 5 5 4 4 15 11 6 6 4 6 24 5 5 6 9 7 10 4 4 16 6 10 6 7 5 5 4 10 13 6 5 10 6 5 7 5 4 18 6 N N 4 4 12 5 16 13 13 6 11 5 8 4 5 10 11 4 N 5 6 5 4 5 5 6 4 5 8 6 4 8 6 7 6 N N 4 9 7 8 N 5 5 N 11 4 8 23 8 5 4 9 10 8 5 5 4 11 15 13 N 13 N 7 9 8 17 4 9 N 4 8 7 15 11 11 4 5 6 9 6 5 9 14 5 16 4 N 7 5 N 4 16 N 10 5 9 10 4 4 4 10 8 10 4 8 6 N 6 N 4 11 5 13 5 5 6 7 12 14 5 N 4 7 5 4 9 4 6 5 4 5 N 12 7 8 7 6 N N 6 6 9 4 5 13 6 12 4 4 N 10 N 5 10 4 N 6 4 5 4 5 N 5 12 6 4 16 7 4 5 6 6 5 4 16 4 4 5 5 4 4 10 6 12 8 5 15 4 N 11 5 5 5 7 11 11 10 6 N 7 7 7 8 5 9 6 7 4 11 13 9 5 10 7 5 5 8
* Kit 870710 has 838 STRs.
870710 13 22 14 11 11 15 12 12 12 13 13 29 16 9 10 11 11 26 14 19 30 15 15 16 17 11 11 19 22 16 14 16 17 37 38 13 13 11 9 15 16 8 10 10 8 10 10 12 23 23 16 10 12 12 15 9 12 22 20 13 12 11 13 11 11 13 12 35 15 9 16 12 23 26 19 12 11 13 12 10 9 12 12 10 11 11 30 11 13 24 13 10 10 23 15 19 13 24 15 12 15 24 12 25 18 10 14 17 9 12 11 5 4 4 4 7 5 4 11 11 4 4 5 4 9 4 4 6 6 4 4 5 4 5 5 5 5 4 5 6 5 7 4 5 4 4 5 6 4 4 6 5 4 4 4 6 10 4 4 8 6 5 4 5 8 5 8 5 10 7 7 8 7 5 5 5 12 4 4 8 5 5 7 11 5 11 5 5 5 5 7 6 6 6 7 5 6 15 4 5 4 4 5 5 5 5 5 8 9 6 5 6 6 9 5 4 4 5 5 10 5 5 5 4 5 8 N 4 4 N 8 5 6 6 4 4 4 5 11 4 6 6 6 4 4 4 4 5 6 6 4 9 4 10 12 4 5 5 8 6 11 6 5 13 5 6 6 5 8 4 4 4 6 4 4 5 11 7 5 11 5 5 4 12 8 6 10 7 5 4 4 5 5 8 4 6 7 10 4 6 4 10 11 4 5 12 7 4 5 6 11 6 N 5 4 9 5 5 5 9 12 10 6 6 6 8 4 6 4 7 4 7 5 8 5 6 5 7 4 11 5 6 4 5 7 4 4 4 7 5 4 7 6 5 6 9 5 5 6 8 8 6 6 6 4 4 6 4 10 12 10 6 6 4 6 5 5 5 4 4 5 13 5 14 4 5 8 6 13 10 7 5 5 6 12 4 6 7 6 14 4 5 6 5 5 6 5 5 5 5 8 N 11 4 4 9 11 7 4 11 4 5 9 10 9 N 10 5 4 18 5 10 N 5 4 7 7 13 11 10 4 10 5 4 6 5 4 4 8 4 6 4 7 N N 5 N 8 14 11 4 7 5 8 8 4 7 5 9 5 6 4 6 11 5 4 6 4 N N 6 4 11 7 6 11 4 11 11 10 10 5 5 N 4 4 N 10 4 8 5 12 5 11 4 12 4 11 4 5 5 4 5 5 5 11 11 6 5 5 11 4 5 7 4 13 5 4 4 N 4 5 11 4 11 8 6 10 5 9 9 5 7 4 7 6 10 5 13 8 7 4 11 8 4 4 11 4 13 12 N 5 6 4 8 4 N 12 7 N 4 6 18 10 N 9 5 7 5 4 5 5 N 4 15 11 6 6 4 6 24 5 5 6 9 7 10 4 4 N 6 10 6 7 5 5 4 10 13 6 5 10 6 5 7 5 N N 6 9 N 4 4 12 5 16 13 N 6 11 5 8 4 5 10 11 4 11 5 N 5 4 5 5 6 4 5 8 6 4 8 N 7 6 N N 4 9 7 8 N 5 5 8 11 4 8 N 8 5 4 9 N 8 5 5 4 N 14 13 N 13 N 7 9 N N N 9 4 4 8 7 N 11 N 4 5 6 9 6 5 9 14 5 N 4 N 7 5 N 4 N N 10 5 9 10 4 4 4 10 8 10 4 N 6 13 6 13 4 11 5 13 5 5 6 7 12 14 5 10 4 7 5 4 9 N 6 5 4 5 N N 7 8 7 6 N N 6 N 9 4 5 13 6 12 4 4 16 N N 5 10 4 N 6 4 5 4 5 11 5 12 6 4 15 N 4 5 6 6 5 4 N 4 4 N 5 4 4 10 6 N 8 5 15 4 5 11 5 5 5 N 11 N 10 6 N 7 7 7 8 5 N 6 7 4 N N 9 5 10 7 5 5 8
* Kit 870785 has 838 STRs.
870785 13 22 14 11 11 15 12 12 13 13 13 29 16 9 10 11 11 26 14 19 29 15 15 16 17 11 11 19 22 16 14 16 17 37 38 13 13 11 9 15 16 8 10 10 8 10 10 12 23 23 16 10 12 12 15 8 12 22 20 13 12 11 13 11 11 13 12 35 15 9 16 12 25 26 19 12 11 14 12 10 9 12 12 10 11 11 30 11 13 24 13 10 10 22 15 19 14 24 15 12 15 24 12 25 18 10 14 17 9 12 11 5 4 4 4 7 5 4 11 11 4 4 5 4 9 4 4 6 6 4 4 5 4 5 5 5 5 4 5 6 5 7 4 5 4 4 5 6 4 4 6 5 4 4 4 6 10 4 4 8 6 5 4 5 8 5 8 5 10 7 7 8 7 5 5 5 12 4 4 8 5 5 7 11 5 11 5 5 5 5 7 6 6 6 7 5 6 15 4 5 4 4 5 5 5 5 5 8 9 6 5 6 6 9 5 4 4 5 5 10 5 5 5 4 5 8 4 4 4 4 N 5 6 6 4 4 4 5 11 4 6 6 6 4 4 4 4 5 N 6 4 9 4 N 12 4 5 5 8 6 11 6 5 13 5 6 6 5 8 4 4 4 6 4 4 5 11 7 5 11 5 5 4 12 8 6 10 7 5 4 4 5 5 8 4 6 7 10 4 6 4 10 11 4 5 12 7 4 5 6 11 6 N 5 4 9 5 5 5 9 12 10 6 6 6 8 4 6 4 7 4 7 5 8 5 6 5 7 4 11 5 6 4 5 7 4 4 4 7 5 4 7 6 5 6 9 5 5 6 8 8 6 6 6 4 4 6 4 10 12 10 6 6 4 6 5 5 5 4 4 5 13 5 N 4 5 8 6 13 10 7 5 5 6 N 4 6 7 6 14 4 5 6 5 5 6 N N 5 5 8 10 11 4 4 9 11 7 4 11 4 5 9 10 9 N N 5 4 18 5 10 13 5 4 7 7 13 11 10 4 10 5 4 6 5 4 4 8 4 6 4 7 5 8 5 4 8 14 11 4 7 5 N 8 4 7 5 9 5 6 4 6 11 5 4 6 4 N 6 6 4 11 7 6 11 4 N 11 10 10 5 5 9 4 4 10 10 4 8 5 N 5 11 4 12 4 N 4 5 5 4 5 5 5 11 11 6 5 5 11 4 5 7 4 13 5 4 4 12 4 5 11 4 11 8 6 10 5 9 9 5 7 4 7 6 10 5 13 8 7 4 N 8 4 4 11 4 N 12 9 N 6 4 N 4 11 N 7 N 4 6 18 10 4 9 5 7 5 N 5 5 N 4 15 11 6 6 4 6 24 N 5 6 9 7 10 N 4 16 6 10 6 7 5 5 4 10 13 6 5 10 6 5 7 5 4 18 6 9 N 4 4 12 5 16 13 13 6 11 5 8 4 5 10 11 4 11 5 6 5 4 5 5 6 4 5 8 N 4 N 6 7 6 N 13 4 9 7 8 N 5 5 8 11 4 8 23 8 5 4 9 10 8 5 5 4 11 15 13 N 13 5 7 9 8 N N 9 N 4 8 7 15 11 11 4 5 6 9 6 5 9 14 5 N 4 N 7 5 N 4 N 19 10 5 9 10 4 4 4 N 8 10 4 8 6 13 6 13 4 11 5 13 5 5 6 7 12 14 5 N 4 7 N N 9 4 6 5 4 5 4 N 7 8 7 6 11 7 6 6 9 4 5 13 N 12 4 4 16 10 N 5 10 4 5 6 4 5 4 5 N N 12 6 4 N N 4 5 6 6 5 4 N 4 4 N 5 4 N 10 6 12 8 5 15 4 5 11 5 5 5 N 11 11 10 6 15 7 7 7 8 5 9 6 7 4 N 13 9 5 10 7 5 5 8
* Kit 872505 has 838 STRs.
872505 13 22 14 11 11 15 12 12 13 13 13 29 16 9 10 11 11 26 14 19 29 15 15 16 17 12 11 19 22 16 14 16 17 37 38 13 13 11 9 15 16 8 10 10 8 10 10 12 23 23 16 10 12 12 15 8 12 22 20 13 12 11 13 11 11 13 12 35 15 9 16 12 25 26 19 12 11 13 12 10 9 12 12 10 11 11 30 11 13 24 14 10 10 23 15 19 14 24 15 12 15 24 12 25 18 10 14 17 9 12 11 5 4 4 4 7 5 4 11 10 4 4 5 4 9 4 4 6 6 4 4 5 4 5 5 5 5 4 5 6 5 7 4 5 4 4 5 6 4 4 6 5 4 4 4 6 10 4 4 8 6 5 4 5 8 5 8 5 10 7 7 8 7 5 5 5 12 4 4 8 5 5 7 11 5 11 5 5 5 5 7 6 6 6 7 5 6 15 4 5 4 4 5 5 5 5 5 8 9 6 5 6 6 9 5 4 4 5 5 10 5 5 5 4 5 8 4 4 4 4 8 5 6 6 4 4 4 5 11 4 6 6 6 4 4 4 4 5 6 6 4 9 4 10 12 4 5 5 8 6 11 6 5 13 5 6 6 5 8 4 4 4 6 4 4 5 11 7 5 11 5 5 4 12 8 6 10 7 5 4 4 5 5 8 4 6 7 10 4 6 4 10 11 4 5 12 7 4 5 6 11 6 N N 4 9 5 5 5 9 12 10 6 6 6 8 4 6 4 7 4 7 5 8 5 6 5 7 4 11 5 6 4 5 7 4 4 4 7 5 4 7 6 5 6 9 5 5 6 8 8 6 6 6 4 4 6 4 10 12 10 6 6 4 6 5 5 5 4 4 5 13 5 14 4 5 8 6 13 10 7 5 5 6 12 4 6 7 6 14 4 5 6 5 5 6 5 5 5 5 8 10 11 4 4 9 11 7 4 11 4 5 9 10 9 N 10 5 4 18 5 10 14 5 4 7 7 13 11 10 4 10 5 4 6 5 4 4 8 4 6 4 7 N 8 5 N 8 14 11 4 7 5 8 8 4 7 5 9 5 6 4 6 12 5 4 N 4 10 N 6 4 11 7 6 11 4 11 11 10 10 5 5 9 4 4 10 10 N 8 5 12 5 11 4 12 4 11 4 5 5 4 5 5 5 11 11 6 5 5 11 4 5 7 4 13 5 4 4 12 4 5 11 4 11 8 6 10 N 9 9 5 7 4 7 6 10 5 13 8 7 4 13 8 4 4 11 4 N 12 9 5 6 4 N 4 11 12 7 15 4 6 20 N 4 9 5 7 5 4 5 5 N 4 15 11 6 6 4 6 24 N 5 6 9 7 10 4 4 16 6 N 6 7 5 5 4 10 13 6 5 10 6 5 N 5 N N 6 N N 4 4 12 5 16 13 13 6 11 5 8 4 5 10 11 4 11 5 6 5 4 5 5 6 N 5 8 N 4 8 6 7 6 11 N 4 9 7 8 N 5 5 N 11 4 8 23 8 5 4 9 N 8 5 5 4 11 15 13 N 13 5 7 9 8 17 4 9 4 4 8 7 15 11 11 4 5 6 9 6 5 9 14 5 N 4 N 7 5 N 4 16 N 10 5 9 10 4 4 4 10 8 10 4 8 6 13 6 13 4 11 N N 5 5 6 7 12 N 5 N 4 7 N 4 9 4 6 5 4 5 4 N 7 8 7 6 N N 6 6 9 4 5 13 6 12 4 4 16 10 N 5 10 4 N 6 4 5 N 5 11 5 12 6 4 16 7 4 5 6 6 5 4 16 4 4 N 5 4 4 10 N 12 8 5 15 4 5 11 5 5 5 N 11 11 10 6 16 7 7 7 8 5 N 6 7 4 11 13 9 5 10 7 5 5 8
* Kit 885633 has 838 STRs.
885633 13 22 14 11 11 15 12 12 13 13 13 29 16 9 10 11 11 26 14 19 29 15 15 16 17 11 11 19 22 16 14 16 17 37 38 13 13 11 9 15 16 8 10 10 8 10 10 12 23 23 16 10 12 12 15 8 12 22 20 13 12 11 13 11 11 13 12 35 15 9 16 12 23 26 19 12 11 14 12 10 9 12 12 10 11 11 30 11 13 24 13 10 10 22 15 17 14 24 15 12 15 24 12 25 18 10 14 17 9 12 11 5 4 4 4 7 5 4 11 11 4 4 5 4 9 4 4 6 6 4 4 5 4 5 5 5 5 4 5 6 5 7 4 5 4 4 5 6 4 4 6 5 4 4 4 6 10 4 4 8 6 5 4 5 8 5 8 5 10 7 7 8 7 5 5 5 12 4 4 8 5 5 7 11 5 11 5 5 5 5 7 6 6 6 7 5 6 15 4 5 4 4 5 5 5 5 5 8 9 6 5 6 6 9 5 4 4 5 5 10 5 5 5 4 5 8 4 4 4 4 8 5 6 6 4 4 4 5 11 4 6 6 6 4 4 4 4 5 6 6 4 9 4 10 12 4 5 5 8 6 11 6 5 13 5 6 6 5 8 4 4 4 6 4 4 5 11 7 5 12 5 5 4 12 8 6 10 7 5 4 4 5 5 8 4 6 7 10 4 6 4 10 11 4 5 12 7 4 5 6 11 6 N 5 4 9 5 5 5 9 12 10 6 6 6 8 4 6 4 7 4 7 5 8 5 6 5 7 4 11 5 6 4 5 7 4 4 4 7 5 N 7 6 5 6 9 5 5 6 8 8 6 6 6 4 4 6 4 10 12 10 6 6 4 6 5 5 5 4 4 5 13 5 14 4 5 8 6 13 10 7 5 5 6 12 4 6 7 6 14 4 5 6 5 5 6 5 5 5 5 8 10 11 4 4 9 11 7 4 11 4 5 9 10 9 12 10 5 4 19 5 10 N 5 4 7 7 13 11 10 4 10 5 4 6 5 4 4 8 4 6 4 7 5 8 5 4 8 14 11 4 7 5 8 8 4 7 N 9 5 6 N 6 11 5 4 6 4 10 6 N 4 11 7 6 11 4 11 11 10 10 5 5 9 4 4 10 10 4 8 5 12 5 11 4 12 4 11 4 5 5 4 5 5 5 11 11 6 5 5 11 4 5 7 4 13 5 4 4 12 4 5 11 4 11 8 6 10 5 9 9 N 7 4 N N 10 5 13 8 7 4 13 8 4 4 11 4 13 12 9 N N 4 N 4 11 12 7 15 N 6 N 10 4 9 5 7 5 N 5 5 4 4 14 11 6 6 4 6 N 5 5 6 9 7 10 4 4 N 6 10 6 7 5 5 4 10 N 6 N 10 6 5 7 5 N N N 9 N 4 4 12 5 16 13 N 6 11 5 8 4 5 10 11 4 11 5 6 5 4 5 5 6 N 5 8 6 4 8 N 7 6 11 N 4 9 N 8 N 5 5 N 11 4 8 23 8 N 4 9 10 8 5 N 4 11 N 13 11 13 5 7 9 8 N N 9 N 4 N 7 N 11 N 4 5 6 9 6 N 9 14 5 N 4 12 7 5 N 4 N N 10 N 9 10 4 4 4 10 8 10 4 8 6 N 6 13 4 11 N 13 5 5 6 7 N N 5 N N 7 5 4 9 N 6 5 4 5 4 N 7 N 7 6 N N 6 6 9 4 5 13 N 12 4 4 N 10 N 5 N 4 N 6 4 5 N 5 10 5 12 6 N 16 N 4 5 6 6 5 4 N 4 4 N 5 4 4 10 6 12 8 5 N N 5 11 5 5 5 7 11 N 10 6 N 7 7 7 8 5 N 6 7 4 11 13 N 5 10 7 N 5 8
* Kit 958011 has 838 STRs.
958011 13 22 14 11 11 15 12 12 12 13 13 29 16 9 10 11 11 26 14 19 29 15 15 16 18 11 11 19 22 16 14 17 17 37 38 13 12 11 9 15 16 8 10 10 8 10 10 12 23 23 16 10 12 12 15 8 12 22 20 13 12 11 14 11 11 13 12 35 15 9 16 12 26 26 19 12 11 13 12 10 9 12 12 10 11 11 30 11 13 24 13 10 10 21 15 19 14 24 15 12 15 24 12 25 18 10 14 17 9 12 11 5 4 4 4 7 5 4 11 11 4 4 5 4 9 4 4 6 6 4 4 5 4 5 5 5 5 4 5 6 5 7 4 5 4 4 5 6 4 4 6 5 4 4 4 6 10 4 4 8 6 5 4 5 8 5 8 5 10 7 7 8 7 5 5 5 12 4 4 8 5 5 7 11 5 11 5 5 5 5 7 6 6 6 7 5 6 15 4 5 4 4 5 5 5 5 5 8 9 6 5 6 6 9 5 4 4 5 5 11 5 5 5 4 5 8 4 4 4 4 8 5 6 6 4 4 4 5 11 4 6 6 6 4 4 4 4 5 6 6 4 9 4 10 12 4 5 5 8 6 11 6 5 12 5 6 6 5 8 4 4 4 6 4 4 5 11 7 5 11 5 5 4 12 8 6 10 7 5 4 4 5 5 8 4 6 7 10 4 6 4 10 11 4 5 12 7 4 5 6 11 6 N 5 4 9 5 5 5 9 12 10 6 6 6 8 4 N N 7 4 7 5 8 5 6 5 7 4 11 5 6 4 5 7 4 N 4 7 5 4 7 6 5 6 9 5 5 6 8 8 6 6 6 4 4 6 4 10 12 10 6 6 4 6 5 5 5 4 4 5 13 5 14 4 5 8 6 13 10 7 5 5 6 12 4 6 7 6 14 4 5 6 5 5 6 5 5 5 5 8 10 11 N 4 9 11 7 4 11 4 5 9 10 9 12 10 5 4 18 5 10 14 5 4 7 7 13 11 10 4 10 5 4 6 5 4 4 8 4 6 4 7 5 8 5 4 8 14 11 4 7 5 8 8 4 7 5 9 5 6 4 6 11 5 4 6 4 10 6 6 4 11 7 6 11 4 11 11 10 10 5 5 9 4 4 10 10 4 8 5 12 5 11 4 12 4 11 4 5 5 4 5 5 5 11 11 6 5 5 11 4 5 7 4 13 5 4 4 12 4 5 11 4 11 8 6 10 5 9 N 5 7 4 7 6 10 5 13 8 7 4 13 8 4 4 11 4 13 12 9 5 6 4 N 4 11 12 7 15 4 6 N 10 4 9 5 7 5 N 5 5 4 4 15 11 6 6 N 6 24 5 5 6 9 7 10 4 4 16 N 10 6 7 5 5 4 10 14 6 5 10 6 5 7 5 N 18 6 9 N 4 4 12 5 16 13 13 6 11 5 8 4 5 10 11 4 11 5 6 5 4 5 5 6 N 5 8 6 4 8 6 7 6 11 17 4 9 7 8 N 5 5 8 11 4 8 23 8 5 4 9 10 8 5 N 4 N 16 13 N 13 5 7 9 8 16 4 9 4 4 8 7 15 11 11 4 5 6 9 6 5 9 13 5 N 4 N 7 5 N 4 16 N 10 5 9 10 4 4 4 10 8 10 4 8 6 N 6 N 4 11 5 13 5 5 6 7 12 14 5 N 4 7 N 4 9 N 6 5 4 5 4 12 7 N 7 6 11 N 6 6 9 4 5 13 6 12 4 4 N 10 N 5 N 4 N N 4 5 N 5 11 5 12 6 4 16 7 4 5 6 6 5 4 N 4 4 5 5 4 4 10 6 N 8 5 15 N N 11 5 5 N 7 N 11 10 6 16 7 7 7 8 5 9 6 7 4 11 13 N 5 10 7 N 5 8
* Kit 965111 has 838 STRs.
965111 13 22 14 11 11 15 12 12 13 13 13 29 16 9 10 11 11 26 14 19 29 15 15 16 18 11 11 19 22 16 14 17 17 37 38 12 12 11 9 15 16 8 10 10 8 10 10 12 23 23 16 10 12 12 15 8 12 22 20 13 12 11 14 11 11 13 12 35 15 9 16 12 26 26 19 12 11 13 12 10 9 12 12 10 11 11 30 11 13 24 13 10 10 21 15 19 14 24 15 12 15 24 12 25 18 10 14 17 9 12 11 5 4 4 4 7 5 4 11 11 4 4 5 4 9 4 4 6 6 4 4 5 4 5 5 5 5 4 5 6 5 7 4 5 4 4 5 6 4 4 6 5 4 4 4 6 10 4 4 8 6 5 4 5 8 5 8 5 10 7 7 8 7 5 5 5 12 4 4 8 5 5 7 11 5 11 5 5 5 5 7 6 6 6 7 5 6 15 4 5 4 4 5 5 5 5 5 8 9 6 5 6 6 9 5 4 4 5 5 10 5 5 5 4 5 8 4 4 4 4 8 5 6 6 4 4 4 5 11 4 6 6 6 4 4 4 4 5 6 6 4 9 4 10 12 4 5 5 8 6 11 6 5 12 5 6 6 5 8 4 4 4 6 4 4 5 11 7 5 11 5 5 4 12 8 6 10 7 5 4 4 5 5 8 4 6 7 10 4 6 4 10 11 4 5 12 7 4 5 6 11 6 N 5 4 9 5 5 5 9 12 10 6 6 6 8 4 6 N 7 4 7 5 8 N 6 5 7 4 11 5 6 4 5 7 4 4 4 7 5 N 7 6 5 6 9 5 5 6 8 8 6 6 6 4 4 6 4 10 12 10 6 6 4 6 5 5 5 4 4 5 13 5 14 4 N 8 6 13 10 7 5 5 6 12 4 6 7 6 14 4 5 6 5 5 6 5 5 5 5 8 10 11 4 4 9 11 7 4 11 4 5 9 10 9 12 10 5 4 18 5 10 14 5 4 7 7 13 11 10 4 10 5 4 6 5 4 4 8 4 6 4 7 5 8 5 4 8 14 11 4 7 5 8 8 4 7 5 9 5 6 4 6 11 5 4 6 4 10 6 6 4 11 7 6 11 4 11 11 10 10 5 5 9 4 4 10 10 4 8 N 12 5 N 4 12 4 11 4 5 5 4 5 5 5 11 11 6 5 5 N 4 5 7 4 13 5 4 4 12 4 5 11 4 11 8 6 10 5 9 9 N 7 4 7 6 10 5 13 8 7 4 13 8 4 4 11 4 13 12 9 5 6 4 15 4 11 12 7 15 4 6 20 N 4 9 5 7 5 N 5 5 4 4 15 11 6 6 N 6 24 5 5 6 9 7 N 4 4 16 N 10 6 7 5 5 4 10 14 6 5 10 6 5 N 5 N 18 6 9 N 4 4 12 5 16 13 13 6 11 5 8 4 5 10 11 4 11 5 6 5 4 5 5 6 N 5 8 6 4 8 6 7 6 11 17 4 9 7 8 N 5 5 N 11 4 8 23 8 5 4 9 10 8 5 5 4 N 15 13 11 13 5 7 9 8 16 4 9 4 4 8 7 15 11 11 4 5 6 9 6 5 9 13 5 16 4 11 7 5 N 4 16 19 10 5 9 10 4 4 4 10 8 10 4 8 6 13 6 13 4 11 5 13 5 5 6 7 12 N 5 N 4 7 N N N 4 6 5 4 5 4 N 7 8 7 6 11 N 6 6 9 4 5 13 6 12 4 4 N 10 N 5 N 4 5 6 4 5 N 5 11 N 12 6 4 16 7 4 5 6 6 5 4 N 4 4 5 5 4 4 N 6 N 8 5 15 N 5 11 5 5 5 7 N 11 10 6 16 7 7 7 8 5 N 6 7 4 11 13 9 5 10 7 5 5 8
* Kit 966216 has 838 STRs.
966216 13 22 14 11 11 15 12 12 13 13 13 29 16 9 10 11 11 26 14 19 29 15 15 16 18 11 11 19 22 16 14 17 17 37 38 13 12 11 9 15 16 8 10 10 8 10 10 12 23 23 16 10 12 12 15 8 12 22 20 12 12 11 14 11 11 13 12 35 15 9 16 12 26 26 19 12 11 13 12 10 9 12 12 10 11 11 30 11 13 24 13 10 10 21 15 19 14 24 15 12 15 24 12 25 18 10 14 17 9 12 11 5 4 4 4 7 5 4 11 11 4 4 5 4 9 4 4 6 6 4 4 5 4 5 5 5 5 4 5 6 5 7 4 5 4 4 5 6 4 4 6 5 4 4 4 6 10 4 4 8 6 5 4 5 8 5 8 5 10 7 7 8 7 5 5 5 12 4 4 8 5 5 7 11 5 11 5 5 5 5 7 6 6 6 7 5 6 15 4 5 4 4 5 5 5 5 5 8 9 6 5 6 6 9 5 4 4 5 5 10 5 5 5 4 5 8 4 4 4 4 8 5 6 6 4 4 4 5 11 N 6 6 6 4 4 4 4 5 6 6 4 9 4 10 12 4 5 5 8 6 11 6 5 12 5 6 6 5 8 4 4 4 6 4 4 5 11 7 5 11 5 5 4 12 8 6 10 7 5 4 4 5 5 8 4 6 7 10 4 6 4 10 11 4 5 12 7 4 5 6 11 6 N 5 4 9 5 5 5 9 12 10 6 6 6 8 4 6 4 7 4 7 5 8 5 6 5 7 4 11 5 6 4 5 7 4 4 4 7 5 4 7 6 5 6 9 5 5 6 8 8 6 6 6 4 4 6 4 10 12 10 6 6 4 6 5 5 5 4 4 5 13 5 14 4 5 8 6 13 10 7 5 5 6 12 4 6 7 6 14 4 5 6 5 5 6 5 5 5 5 8 10 11 4 4 9 11 7 4 11 4 5 9 10 9 12 10 5 4 18 5 10 14 5 4 7 7 13 11 10 4 10 5 4 6 5 4 4 8 4 6 4 7 5 8 5 4 8 14 11 4 7 5 8 8 4 7 5 9 5 6 4 6 N 5 4 6 4 10 6 6 4 11 7 6 11 4 11 11 10 10 5 5 9 4 4 10 10 4 8 N 12 5 11 4 12 4 11 4 5 5 4 5 5 5 11 11 6 5 5 11 4 5 7 4 13 5 4 4 12 4 5 11 4 11 8 6 10 5 9 9 5 N 4 7 6 10 5 13 8 7 4 13 8 4 4 11 4 13 12 9 5 6 4 15 4 11 12 7 15 4 6 N 10 4 9 5 7 5 N 5 5 4 4 15 11 6 6 N 6 24 5 5 6 9 7 10 N 4 16 6 10 6 7 5 5 4 10 14 6 5 10 6 5 7 5 N N 6 9 N 4 4 12 5 16 13 13 6 11 5 8 4 5 10 11 4 11 5 6 5 4 5 5 6 N 5 8 6 4 8 6 7 6 11 17 4 9 7 8 N 5 5 8 11 4 8 23 8 5 4 9 10 8 5 5 4 11 N 13 11 13 5 7 9 8 16 4 9 N 4 N 7 15 11 11 N 5 6 9 6 5 9 13 5 N 4 11 7 5 N 4 16 N 10 5 9 10 4 4 4 10 8 10 4 8 6 N 6 N 4 11 N 13 5 5 6 7 12 N 5 N 4 7 5 4 9 4 6 5 4 5 4 12 7 N 7 6 N N 6 6 9 4 5 13 6 12 4 4 N 10 N 5 N 4 N 6 4 5 N 5 N 5 12 6 4 N 7 4 5 6 6 5 4 N 4 4 5 5 4 4 10 6 12 8 5 15 N 5 11 5 5 5 7 11 11 10 6 16 7 7 7 8 5 9 6 N 4 11 13 N 5 10 7 N 5 8
* Kit 966954 has 838 STRs.
966954 13 22 14 11 11 15 12 12 13 14 13 30 16 9 10 11 11 26 14 19 29 15 15 17 18 11 11 19 22 19 14 16 17 36 38 13 12 11 9 15 16 8 10 10 8 10 10 12 23 23 16 10 12 12 15 8 12 22 20 13 12 11 13 11 11 13 12 35 15 9 16 12 25 27 19 12 11 12 12 10 9 12 12 10 11 11 30 11 13 24 13 10 10 21 15 19 14 24 15 12 16 24 12 25 18 10 14 17 9 12 11 5 4 4 4 7 5 4 11 11 4 4 5 4 9 4 4 6 6 4 4 5 4 5 5 5 5 4 5 6 5 7 4 5 4 4 5 6 4 4 6 5 4 4 4 6 10 4 4 8 6 5 4 5 8 5 8 5 10 7 7 8 7 5 5 5 12 4 4 8 5 5 7 11 5 11 5 5 5 5 7 6 6 6 7 5 6 14 4 5 4 4 5 5 5 5 5 8 9 6 5 6 6 9 5 4 4 5 5 10 5 5 5 4 5 8 4 4 4 4 8 5 6 6 4 4 4 5 11 4 6 6 6 4 4 4 4 5 6 6 4 9 4 10 12 4 5 5 8 6 11 6 5 12 5 6 6 5 8 4 4 4 6 4 4 5 11 7 5 11 5 5 4 12 8 6 10 7 5 4 4 5 5 8 4 6 7 10 4 6 4 10 11 4 5 12 7 4 5 6 11 6 N 5 4 9 5 5 5 9 12 10 6 6 6 8 4 6 4 7 4 7 5 8 5 6 5 7 4 11 5 6 4 5 7 4 4 4 7 5 4 7 6 5 6 9 5 5 6 8 8 6 6 6 4 4 6 4 10 12 10 6 6 4 6 5 5 5 4 4 5 13 5 14 4 5 8 6 13 10 7 5 5 6 12 4 6 7 6 14 4 5 6 5 5 6 5 5 5 5 8 10 11 N 4 9 11 7 4 11 4 5 9 10 9 12 10 5 4 18 5 9 14 5 4 7 7 13 11 10 4 10 5 4 6 5 4 4 8 4 6 4 7 5 8 5 4 8 14 11 4 7 N 8 8 4 7 5 9 5 6 4 6 11 5 4 6 4 10 6 6 4 11 7 6 11 4 11 11 10 11 5 5 9 4 4 10 10 4 8 5 12 5 11 4 12 4 11 4 5 5 4 5 5 5 11 11 6 5 5 11 4 5 7 4 13 5 4 4 12 4 N 11 4 11 8 6 10 5 9 9 5 7 4 7 N 10 5 13 8 7 4 13 8 4 4 11 4 13 12 9 5 7 4 N 4 11 12 7 15 4 6 N 10 4 9 5 7 5 N N 5 4 4 N 11 6 6 4 6 24 5 5 6 9 7 N 4 4 17 6 10 6 7 5 5 4 10 14 6 5 10 6 5 N 5 4 N 6 9 N 4 4 12 5 16 N N 6 11 5 8 4 5 10 11 4 N 5 6 5 4 5 5 6 N 5 8 6 4 8 6 7 6 11 16 4 9 7 8 N 5 5 N 11 4 8 23 8 5 4 9 10 8 5 5 4 11 15 13 11 13 5 7 9 8 N 4 9 4 4 8 7 15 11 11 N 5 6 9 6 5 9 14 5 N 4 N 7 5 N 4 16 19 10 5 9 10 4 4 4 10 8 10 4 8 6 N 6 N 4 11 5 13 5 5 6 7 12 14 5 N 4 7 5 N 9 4 6 5 4 5 4 N 7 N 7 N 11 N 6 6 9 4 5 13 6 12 4 4 N 10 N 5 10 4 N 6 4 5 N 5 11 5 12 6 4 16 7 4 5 6 6 5 4 16 4 4 5 5 4 4 10 6 N 8 5 15 N 5 11 5 5 5 N N 11 N 6 16 7 7 7 8 5 9 6 7 4 11 13 9 5 10 7 5 5 8
/SNPDATA
201897  (FT80295+ FT74528+ Y28807+ BY201958- FTB79771- FTF66505- BY201958- FTB31714-)
242252  (FT80295+ FT74528+ Y28807+ BY201958- FTB79771- FTF66505- BY201958- FTB31714-)
310513  (FT80295+ FT74528+ Y28807- BY201958+ FTB79771- FTF66505+ BY201958+ FTB31714-)
202391  (FT80295+ FT74528+ Y28807- BY201958+ FTB79771- FTF66505+ BY201958+ FTB31714-)
870710  (FT80295+ FT74528+ Y28807- BY201958+ FTB79771- FTF66505- BY201958+ FTB31714-)
872505  (FT80295+ FT74528+ Y28807- BY201958- FTB79771- FTF66505- BY201958- FTB31714-)
958011  (FT80295+ FT74528- Y28807- BY201958- FTB79771- FTF66505- BY201958- FTB31714+)
965111  (FT80295+ FT74528- Y28807- BY201958- FTB79771- FTF66505- BY201958- FTB31714+)
966216  (FT80295+ FT74528- Y28807- BY201958- FTB79771- FTF66505- BY201958- FTB31714+)
966954  (FT80295+ FT74528- Y28807- BY201958- FTB79771+ FTF66505- BY201958- FTB31714-)
1003739 (FT80295+ FT74528- Y28807- BY201958- FTB79771+ FTF66505- BY201958- FTB31714-)
885633  (FT80295+ FT74528+ Y28807- BY201958- FTB79771- FTF66505- BY201958+ FTB31714-)

/SNPTREE * snptree3
FT80295    1321  R         
FT74528   1629  FT80295
Y28807    1853  FT74528
FTB79771   1645  FT80295   
FTF66505  1836  BY201958
FTB31714  1864  FTB28172
BY201958  1674  FT74528

/GENDATA
JohnNeely.1755    (202391 310513 870710)
AnaniasNeely.1784 (202391 310513)
JamesPeyton.1820  (958011 965111 966216)
GeorgeNeely.1857  (242252 201897)
JohnNeely.1749    (242252 201897 870785)
