/STRDATA * strdata4
* Kit 1041032 has 838 STRs.
1041032 13 24 14 10 11 14 12 12 12 14 13 31 17 9 10 11 11 25 15 19 29 15 16 17 17 10 11 19 23 17 14 19 17 36 40 12 12 11 9 15 16 8 10 10 8 10 10 12 22 23 16 10 12 12 15 8 12 22 19 11 12 11 13 11 11 12 12 34 15 10 16 12 25 26 19 12 11 13 12 10 9 12 12 10 11 11 30 12 13 24 13 10 10 23 15 19 13 24 16 11 15 24 12 23 18 10 15 17 9 12 11 5 4 4 4 7 5 4 11 11 4 4 5 4 9 4 4 6 6 4 4 5 4 5 5 5 5 4 5 6 5 7 4 5 4 4 5 6 4 4 6 5 4 4 4 6 10 4 4 8 6 5 4 5 8 5 8 5 10 7 7 8 7 5 5 5 12 4 4 8 5 5 7 11 5 12 5 5 5 5 7 6 6 6 7 5 6 14 4 5 4 4 5 5 5 5 5 8 9 6 5 6 6 9 5 4 4 5 5 11 5 5 5 4 5 8 4 4 4 4 8 5 6 6 4 4 4 5 11 4 6 6 6 4 4 4 4 5 6 6 4 9 4 10 12 4 5 5 8 6 11 6 5 11 5 6 6 5 8 4 4 4 6 4 4 5 11 7 5 11 5 5 4 12 8 6 10 7 5 4 4 5 5 8 4 6 7 10 4 6 4 10 11 4 5 12 7 4 5 6 11 6 N 5 4 8 5 5 5 10 11 10 6 6 6 8 4 6 4 7 4 7 5 8 5 6 5 7 4 11 5 6 4 5 7 4 4 4 7 5 4 7 6 5 6 9 5 5 6 8 8 6 6 6 4 4 6 4 10 13 10 6 6 4 6 5 5 5 4 4 5 13 5 15 4 5 8 6 13 10 7 5 5 6 12 4 6 7 6 14 4 5 6 5 5 6 5 5 5 5 8 10 11 4 4 9 11 7 4 11 4 5 9 10 9 11 10 5 4 16 5 10 13 5 4 7 7 14 11 11 4 10 5 4 6 5 4 4 8 4 6 4 7 5 8 5 4 8 14 11 4 7 5 8 8 4 7 5 9 5 6 N 6 11 5 4 6 4 10 6 6 4 11 7 6 11 4 11 11 10 11 5 5 9 4 4 10 10 4 8 5 12 5 11 4 11 4 11 4 5 5 4 5 5 5 11 11 6 5 5 10 4 5 7 4 14 5 4 4 13 4 5 12 4 11 8 6 10 5 9 9 5 7 4 7 6 10 5 13 8 7 4 13 8 4 4 11 4 13 12 9 5 6 4 N 4 10 12 7 14 4 6 18 10 4 9 5 7 5 N 5 5 4 4 N 11 6 6 4 6 25 5 5 6 9 7 10 4 4 N 6 10 6 7 5 5 4 10 N 6 N 10 6 5 7 5 4 N 6 9 N 4 4 12 5 14 13 N 6 11 5 8 4 5 10 11 4 11 5 6 5 4 5 5 6 N 5 8 6 4 8 N 7 6 11 N 4 9 7 8 N 5 5 8 11 4 8 25 8 5 4 9 10 8 5 5 4 11 15 13 11 13 5 7 9 8 N N 9 N 4 8 7 N 11 14 4 5 6 9 6 5 9 15 5 17 4 12 7 5 8 4 16 18 10 5 9 10 4 4 4 10 8 9 4 8 6 13 6 13 4 11 5 13 5 5 6 7 N 14 5 N 4 7 5 N 9 N 6 5 4 5 4 12 7 8 7 6 11 N 6 6 9 4 5 13 6 12 4 4 N 10 N 5 N 4 N 6 4 5 N 5 11 5 12 6 4 17 N 4 5 6 6 5 4 N 4 4 N 5 4 4 10 6 12 9 5 15 4 5 11 5 5 5 7 12 11 10 6 N N 7 7 8 5 9 6 7 4 11 13 10 5 10 7 N 5 8
* Kit 139901 has 37 STRs.
139901 13 24 14 10 11 14 12 12 12 14 13 31 17 9 10 11 11 25 15 19 29 15 16 17 17 10 11 19 23 17 15 18 17 36 41 12 12
* Kit 185868 has 838 STRs.
185868 13 24 14 10 11 14 12 12 12 14 13 31 17 8 10 11 11 25 15 19 29 15 16 17 17 10 12 19 23 17 14 18 17 36 40 12 12 11 9 15 16 8 10 10 8 10 10 12 22 23 16 10 12 12 15 8 12 22 19 11 12 11 13 10 11 12 12 34 15 10 16 12 25 26 19 12 11 13 12 10 9 12 12 10 11 11 30 12 13 24 13 10 10 23 15 19 13 25 16 11 15 24 12 23 18 10 15 17 9 12 11 5 4 4 4 7 5 4 11 11 4 4 5 4 9 4 4 6 6 4 4 5 4 5 5 5 5 4 5 6 5 7 4 5 4 4 5 6 4 4 6 5 4 4 4 6 10 4 4 8 6 5 4 5 8 5 8 5 10 7 7 8 7 5 5 5 12 4 4 8 5 5 7 11 5 12 5 5 5 5 7 6 6 6 7 5 6 13 4 5 4 4 5 5 5 5 5 8 9 6 5 6 6 9 5 4 4 5 5 11 5 5 5 4 5 8 4 4 4 4 8 5 6 6 4 4 4 5 11 4 6 6 6 4 4 4 4 5 6 6 4 9 4 10 12 4 5 5 8 6 11 6 5 11 5 6 6 5 8 4 4 4 6 4 4 5 11 7 5 11 5 5 4 12 8 6 10 7 5 4 4 5 5 8 4 6 7 10 4 6 4 10 11 4 N 12 7 4 5 6 11 6 N 5 4 8 5 5 5 10 11 10 6 6 6 8 4 6 4 7 4 7 5 8 5 6 5 7 4 11 5 6 4 5 7 4 4 4 7 5 4 7 6 5 6 9 5 5 6 8 8 6 6 6 4 4 6 4 10 13 10 6 6 4 6 5 5 5 4 4 5 13 5 15 4 5 8 6 13 10 7 5 5 6 12 4 6 7 6 14 4 5 6 5 5 6 5 5 5 5 8 10 11 4 4 9 11 7 4 11 4 5 9 10 9 11 10 5 4 16 5 10 13 5 4 7 7 N 11 11 4 10 5 4 6 5 4 4 8 4 6 4 7 5 8 5 4 8 14 11 4 7 5 8 8 4 7 5 9 5 6 4 6 11 5 4 6 4 10 6 6 4 11 7 6 11 4 11 11 10 11 5 5 9 4 4 10 10 4 8 5 12 5 11 4 11 4 11 4 5 5 4 5 5 5 11 11 6 5 5 10 4 5 7 4 14 5 4 4 13 4 5 12 4 11 8 N 10 5 9 9 5 7 4 7 6 10 5 13 8 7 4 13 8 4 4 11 4 13 12 9 5 6 4 N 4 10 12 7 15 4 6 19 10 4 9 5 7 5 N 5 5 4 4 15 11 6 6 N 6 25 5 5 6 9 7 10 N 4 N 6 10 6 7 5 5 4 10 14 6 N 10 6 5 7 5 4 16 6 N N 4 4 12 5 14 13 13 6 11 5 8 4 5 10 11 4 11 5 6 5 4 5 5 6 4 5 8 6 4 8 6 7 6 11 15 4 9 7 8 N 5 5 8 11 4 8 25 8 5 4 9 10 8 5 N 4 11 15 13 11 13 5 7 9 8 16 4 9 4 4 8 7 16 11 14 4 5 6 9 6 5 9 15 5 17 4 12 7 5 N 4 16 18 10 5 9 10 4 4 4 10 8 9 4 8 6 13 6 13 4 11 5 13 5 5 6 7 13 14 5 N 4 7 5 4 9 N 6 5 4 5 4 12 7 8 7 6 11 N 6 6 9 4 5 13 6 12 4 4 N 10 N 5 10 4 N 6 4 5 N 5 11 5 12 6 4 17 7 4 5 6 6 5 4 22 4 4 N 5 4 4 10 6 12 N 5 15 N N 11 5 5 5 7 N 11 10 6 16 7 7 7 8 5 9 6 7 4 11 13 10 5 10 7 5 5 8
* Kit 256711 has 67 STRs.
256711 13 24 15 10 12 14 12 12 12 13 13 29 16 9 10 11 11 25 15 19 29 15 16 17 17 10 11 19 23 16 15 18 17 36 41 12 12 11 9 15 16 8 10 10 8 10 11 12 23 23 16 10 12 12 15 8 12 22 19 12 12 11 13 11 11 12 12
* Kit 274660 has 561 STRs.
274660 13 24 14 10 11 14 12 12 12 14 13 31 17 9 10 11 11 25 15 19 29 15 16 17 17 10 11 19 23 17 14 18 17 36 41 12 12 11 9 15 16 8 10 10 8 10 10 12 22 23 16 10 12 12 15 8 12 22 19 11 12 11 13 11 11 12 12 34 15 10 16 12 25 26 19 12 11 12 12 10 9 12 12 10 11 11 30 12 13 24 13 10 10 22 15 19 13 24 16 11 15 24 12 23 18 10 15 17 9 12 11 5 4 4 4 7 5 4 11 11 4 4 5 4 9 4 4 6 6 4 4 5 4 5 5 5 5 4 5 6 5 7 4 5 4 4 5 6 4 4 6 5 4 4 4 6 10 4 4 8 6 5 4 5 8 5 8 5 10 7 7 8 7 5 5 5 12 4 4 8 5 5 7 11 5 12 5 5 5 5 7 6 6 6 7 5 6 14 4 5 4 4 5 5 5 5 5 8 9 6 5 6 6 9 5 4 4 5 5 11 5 5 5 4 5 8 4 4 4 4 8 5 6 6 4 4 4 5 11 4 6 6 6 4 4 4 4 5 6 6 4 9 4 10 12 4 5 5 8 6 11 6 5 11 5 6 6 5 8 4 4 4 6 4 N 5 11 7 5 11 5 5 4 12 8 6 10 7 5 4 4 5 5 8 4 6 7 10 4 6 4 10 11 4 5 12 7 4 5 6 11 6 8 5 4 8 5 5 5 10 11 10 6 6 6 8 4 6 4 7 4 7 5 8 5 6 N 7 4 11 5 6 4 5 7 4 N 4 7 5 4 7 6 5 6 9 5 5 6 8 8 6 6 6 N 4 6 4 10 13 10 6 6 4 6 5 5 5 4 4 5 13 5 15 4 5 8 N 13 10 7 5 5 6 12 4 6 7 6 14 4 5 6 5 N 6 5 5 5 5 8 10 11 4 4 9 11 7 4 11 4 N 9 10 9 11 10 5 4 15 5 10 13 N 4 7 7 14 11 10 4 N 5 N 6 5 4 4 8 4 6 4 7 5 8 5 4 8 14 11 4 7 5 8 8 4 7 5 9 5 6 4 6 11 5 4 6 4 10 6 N 4 11 7 6 11 4 11 N 10 11 5 5 9 4 4 10 10 4 8 5 N 5 11 4 11 N 11 N 5 5 4 N 5 5 11 N 6 5 5 10 4 5 7 4 14 5 4 4 13 4 5 12 4 11 N 6 10 5 9 N N 7 4 7 6 10 5 13 N 7 4 13 8 N 4 11 4 N 12 N
* Kit 327004 has 561 STRs.
327004 12 24 14 10 11 14 12 12 12 14 13 30 17 9 10 11 11 25 15 19 30 15 16 17 17 10 10 19 23 17 15 18 17 36 42 12 12 11 9 15 16 8 10 10 8 10 11 12 21 23 16 10 12 12 15 8 12 22 19 12 12 11 13 11 11 12 12 34 15 10 16 12 25 26 19 12 11 13 12 10 9 12 12 10 11 11 30 12 13 24 13 10 10 22 15 19 13 23 17 11 15 24 12 24 18 10 15 17 9 12 11 5 4 4 4 7 5 4 11 11 N 4 N 4 9 4 4 6 6 4 4 5 4 5 N 5 5 4 5 6 5 7 4 5 4 N 5 6 4 4 N 5 4 4 4 6 10 4 4 8 6 5 N 5 8 5 8 5 10 7 7 8 7 5 5 5 12 4 4 8 5 5 7 11 5 12 5 5 5 5 N 6 6 6 7 5 6 14 4 5 4 4 5 5 5 5 5 8 9 6 5 6 6 9 5 4 4 5 5 11 5 5 N 4 5 8 4 4 4 4 8 5 6 6 4 4 4 5 11 4 6 6 6 4 4 4 4 5 6 6 4 9 4 10 12 4 5 5 8 6 11 6 5 11 5 6 6 N 8 4 N 4 6 4 4 5 11 7 5 11 5 5 4 12 8 6 10 7 5 4 4 5 5 8 4 6 7 10 4 6 4 10 11 4 5 12 7 4 5 6 11 6 8 5 4 8 5 5 5 10 11 10 6 6 6 8 4 6 N 7 4 7 5 8 5 6 5 7 4 11 5 6 4 N 7 4 4 4 7 5 4 7 6 N N 9 5 5 6 8 8 6 6 6 4 4 6 4 10 12 10 6 6 4 6 5 N 5 4 4 5 13 5 15 4 5 8 N 13 10 7 5 5 N 12 4 6 7 6 14 4 5 6 5 5 N 5 5 5 5 8 10 11 4 4 N 11 7 4 11 4 5 9 10 9 11 10 5 4 16 5 10 13 5 4 7 7 14 11 10 4 10 5 4 6 N N 4 8 4 6 N 7 5 8 5 4 8 14 11 4 7 5 8 8 4 7 5 9 N 6 4 6 11 N 4 6 4 N 6 6 4 11 7 6 11 N 11 11 10 11 5 5 9 4 N N 10 4 N 5 N 5 11 4 11 4 11 4 5 N 4 5 5 5 11 11 6 5 5 10 4 5 7 4 14 5 4 4 13 4 5 12 4 11 8 6 10 5 9 9 5 N 4 N 6 9 5 13 8 7 4 13 8 4 4 11 4 13 12 9
* Kit 354359 has 561 STRs.
354359 13 24 14 10 11 14 12 12 12 13 13 30 17 9 10 11 11 25 15 19 29 15 16 17 17 10 11 19 23 17 14 18 17 35 42 12 12 11 9 15 16 8 10 10 8 10 10 12 22 23 16 10 12 12 15 8 12 22 19 11 12 11 13 11 11 12 12 34 15 10 16 12 25 26 19 12 11 13 12 10 9 12 12 10 11 11 30 12 13 24 13 10 10 22 15 19 13 24 16 11 16 24 12 23 18 10 15 17 9 12 11 5 4 4 4 7 5 4 11 11 4 4 5 4 9 4 4 6 6 4 4 5 4 5 5 5 5 4 5 6 5 7 4 5 4 4 5 6 4 4 6 5 4 4 4 6 10 4 4 8 6 5 4 5 8 5 8 5 10 N 7 8 7 5 5 5 12 4 4 8 5 5 7 11 5 12 5 5 5 5 7 6 6 6 7 5 6 14 4 5 4 4 5 5 5 5 5 8 9 6 5 6 6 9 5 4 4 5 5 11 5 5 5 4 5 8 4 4 4 4 8 5 N 6 4 4 4 5 11 4 6 6 6 4 4 4 4 5 6 6 4 9 4 10 12 4 5 5 8 6 11 6 5 11 5 6 6 5 8 4 4 4 6 4 4 5 11 7 5 11 5 5 4 12 8 6 10 7 5 4 4 5 5 8 4 6 7 10 4 6 4 10 11 4 5 12 7 4 5 6 11 6 8 5 4 8 5 5 5 10 11 10 6 6 6 8 4 6 4 7 4 7 5 8 5 6 5 7 4 11 5 6 4 5 7 N 4 4 7 5 4 7 6 5 6 9 5 5 6 8 8 6 6 6 4 4 6 4 10 13 10 6 6 4 6 5 5 5 4 4 5 13 5 15 4 5 8 6 13 10 7 5 5 6 12 4 N 7 6 14 4 5 6 5 5 6 5 5 5 5 8 10 11 4 4 9 11 7 4 11 4 5 9 N 9 11 9 5 N 17 5 10 13 5 4 7 7 14 11 10 4 10 5 4 6 5 N 4 8 4 6 4 7 5 8 5 4 8 14 11 4 7 5 8 8 4 7 5 9 5 6 4 6 11 5 4 6 4 10 6 6 4 11 7 6 N 4 11 11 10 10 5 5 9 4 4 10 10 4 8 5 12 5 11 4 11 4 11 4 5 5 4 5 5 5 11 11 6 5 5 10 N 5 7 4 14 5 4 4 N 4 N 12 4 11 8 6 10 5 9 9 5 7 4 7 6 10 5 13 8 7 4 13 8 N 4 11 4 N 12 10
* Kit 354359 has 561 STRs.
354359 13 24 14 10 11 14 12 12 12 13 13 30 17 9 10 11 11 25 15 19 29 15 16 17 17 10 11 19 23 17 14 18 17 35 42 12 12 11 9 15 16 8 10 10 8 10 10 12 22 23 16 10 12 12 15 8 12 22 19 11 12 11 13 11 11 12 12 34 15 10 16 12 25 26 19 12 11 13 12 10 9 12 12 10 11 11 30 12 13 24 13 10 10 22 15 19 13 24 16 11 16 24 12 23 18 10 15 17 9 12 11 5 4 4 4 7 5 4 11 11 4 4 5 4 9 4 4 6 6 4 4 5 4 5 5 5 5 4 5 6 5 7 4 5 4 4 5 6 4 4 6 5 4 4 4 6 10 4 4 8 6 5 4 5 8 5 8 5 10 7 7 8 7 5 5 5 12 4 4 8 5 5 7 11 5 12 5 5 5 5 7 6 6 6 7 5 6 14 4 5 4 4 5 5 5 5 5 8 9 6 5 6 6 9 5 4 4 5 5 11 5 5 5 4 5 8 4 4 4 4 8 5 6 6 4 4 4 5 11 4 6 6 6 4 4 4 4 5 6 6 4 9 4 10 12 4 5 5 8 6 11 6 5 11 5 6 6 5 8 4 4 4 6 4 4 5 11 7 5 11 5 5 4 12 8 6 10 7 5 4 4 5 5 8 4 6 7 10 4 6 4 10 11 4 5 12 7 4 5 6 11 6 8 5 4 8 5 5 5 10 11 10 6 6 6 8 4 6 4 7 4 7 5 8 5 6 5 7 4 11 5 6 4 5 7 4 4 4 7 5 4 7 6 5 6 9 5 5 6 8 8 6 6 6 4 4 6 4 10 13 10 6 6 4 6 5 5 5 4 4 5 13 5 15 4 5 8 6 13 10 7 5 5 6 12 4 6 7 6 14 4 5 6 5 5 6 5 5 5 5 8 10 11 4 4 9 11 7 4 11 4 5 9 10 9 11 9 5 4 17 5 10 13 5 4 7 7 14 11 10 4 10 5 4 6 5 4 4 8 4 6 4 7 5 8 5 4 8 14 11 4 7 5 8 8 4 7 5 9 5 6 4 6 11 5 4 6 4 10 6 6 4 11 7 6 11 4 11 11 10 10 5 5 9 4 4 10 10 4 8 5 12 5 11 4 11 4 11 4 5 5 4 5 5 5 11 11 6 5 5 10 4 5 7 4 14 5 4 4 13 4 5 12 4 11 8 6 10 5 9 9 5 7 4 7 6 10 5 13 8 7 4 13 8 4 4 11 4 13 12 9
* Kit 89948 has 838 STRs.
89948 13 24 14 10 12 14 12 12 12 14 13 30 17 9 10 11 11 25 15 19 29 15 16 17 17 10 11 19 23 16 15 18 17 36 41 12 12 11 9 15 16 8 10 10 8 10 11 12 23 23 16 10 12 12 15 8 12 22 19 12 12 11 13 11 11 12 12 34 15 10 16 12 25 26 19 12 11 13 12 10 9 12 12 10 11 11 30 12 13 24 13 10 10 22 15 19 13 24 17 11 15 24 12 23 18 10 15 17 9 12 11 5 4 4 4 7 5 4 11 11 4 4 5 4 9 4 4 6 6 4 4 5 4 5 5 5 5 4 5 6 5 7 4 5 4 4 5 6 4 4 6 5 4 4 4 6 10 4 4 8 6 5 4 5 8 5 8 5 10 7 7 8 7 5 5 5 12 4 4 8 5 5 7 11 5 12 5 5 5 N 7 6 6 6 7 5 6 13 4 5 4 4 5 5 5 5 5 8 9 6 5 6 6 9 5 4 4 5 5 11 5 5 5 4 5 8 4 4 4 4 N 5 6 6 4 4 4 5 11 4 6 6 6 4 4 4 4 5 6 6 4 9 4 10 12 4 5 5 8 6 11 6 5 11 5 6 6 5 8 4 4 4 6 4 4 5 11 7 5 11 5 5 4 12 8 6 10 7 5 4 4 5 5 8 4 N 7 10 4 6 4 10 11 4 5 12 7 4 5 6 11 6 N 5 4 8 5 5 5 10 11 10 6 6 6 8 4 6 4 7 4 7 5 8 5 6 5 7 4 11 5 6 4 5 7 4 4 4 7 5 4 7 6 5 6 9 5 5 6 8 8 6 6 6 4 4 6 4 10 12 10 6 6 4 N 5 5 5 4 4 5 12 5 15 4 5 8 6 13 10 7 5 5 6 12 4 6 7 6 14 4 5 6 5 5 6 5 N 5 5 8 10 11 4 4 9 11 7 4 11 4 5 N 10 9 11 10 5 4 16 5 10 13 5 4 7 7 14 11 10 4 10 5 4 6 5 4 4 8 4 6 4 7 N 8 5 4 8 14 11 4 7 5 N 8 4 7 5 9 5 6 4 6 12 5 4 N 4 N N 6 4 11 7 6 11 4 11 11 10 11 5 5 N 4 4 10 10 4 8 N N 5 11 4 11 4 11 4 5 5 4 5 5 5 11 11 6 5 5 10 4 5 7 4 14 5 4 4 12 4 5 12 4 11 8 6 10 5 9 N 5 7 4 7 N 10 5 13 N 7 4 13 8 4 4 11 4 N 12 9 5 6 4 N 4 10 N 7 N 4 6 N 10 4 9 5 7 5 N 5 5 N 4 15 11 6 6 4 6 N 5 5 6 9 7 10 4 4 16 6 10 6 7 5 5 4 10 14 6 5 10 6 5 7 5 4 18 6 N 6 4 4 12 5 14 13 13 N 11 5 8 4 5 10 N 4 11 5 6 5 4 5 5 6 N 5 N 6 4 8 6 7 N 11 14 4 9 7 8 N 5 5 N 11 4 8 N 8 5 4 9 10 8 5 N 4 11 15 13 N 13 5 7 9 8 16 4 9 4 4 N 7 N 11 N 4 5 6 N 6 5 9 15 5 N 4 12 7 5 8 4 16 18 10 5 N 10 4 4 4 10 8 9 4 8 6 13 6 13 4 11 5 N 5 5 6 7 13 14 5 N 4 7 5 4 9 N 6 5 4 5 4 N 7 N 7 6 11 N 6 6 9 4 5 13 6 12 4 4 14 N 8 5 10 4 N 6 4 5 4 5 10 5 12 6 4 18 7 4 5 6 6 5 4 20 4 4 5 5 4 N 10 6 N 9 5 14 4 5 N 5 5 5 N 12 11 10 6 N 7 7 7 8 5 9 6 7 4 N 12 10 5 10 7 5 5 8
/SNPDATA
354359  (BY33528+ BY33530+ BY181041-)
274660  (BY33528+ BY33530+ BY181041-)
89948   (BY33528+ BY33530- BY181041+)
327004  (BY33528+ BY33530- BY181041+)
1041032 (BY33528+ BY33530+ BY181041-)
185868  (BY33528+ BY33530+ BY181041-) * placeholder
256711  (BY33528+ BY33530- BY181041+) * placeholder

/SNPTREE * snptree4
BY33528    1127  R         
BY33530    1740  BY33528   
BY181041   1391  BY33528   

/GENDATA
DavidMcNeely.1751 (89948 139901)
