/STRDATA * strdata7
* Kit 1039691 has 838 STRs.
1039691 13 25 14 11 11 14 12 12 12 13 13 29 17 9 10 11 11 26 15 19 28 14 14 15 17 11 10 19 23 16 15 18 16 37 38 12 12 11 9 15 16 8 10 10 8 10 11 12 23 23 16 10 12 12 15 8 12 22 20 13 12 11 13 11 11 12 12 34 14 9 16 12 25 26 19 12 11 13 12 11 9 12 12 10 12 11 28 12 13 24 13 10 10 20 15 19 14 24 17 12 15 24 12 23 18 12 14 17 9 12 11 5 4 4 4 7 5 4 11 11 4 4 5 4 9 4 4 6 6 4 4 5 4 5 5 5 5 4 5 6 5 7 4 5 4 4 5 6 4 4 6 5 4 4 4 6 10 4 4 8 6 5 4 5 8 5 8 5 10 7 7 8 7 5 5 5 12 4 4 8 5 5 7 11 5 11 5 5 5 5 7 6 6 6 7 5 6 14 4 5 4 4 5 5 5 5 5 8 9 6 5 6 6 9 5 4 4 5 5 12 5 5 5 4 5 8 4 4 4 4 8 5 6 6 4 4 4 5 11 4 6 6 6 4 4 4 4 5 6 6 4 9 4 10 12 4 5 5 8 6 11 6 5 11 5 6 6 5 8 4 4 4 6 4 4 5 11 7 5 11 5 5 4 12 8 N 10 7 5 4 4 5 5 8 4 6 7 10 4 6 4 10 11 4 5 12 7 4 5 6 11 6 N 5 4 8 5 5 5 8 13 10 6 6 6 8 4 6 4 7 4 7 5 8 5 6 5 7 4 11 5 6 4 5 7 4 4 4 7 5 4 7 6 5 6 9 5 5 6 8 8 6 6 6 4 4 6 4 10 13 10 6 6 4 6 5 5 5 4 4 5 13 5 14 4 5 8 6 13 10 7 5 5 6 12 4 N 7 6 14 4 5 6 5 5 6 5 5 5 5 8 10 11 4 4 9 11 7 4 11 4 N 9 10 10 11 10 5 4 15 5 10 N 5 4 7 7 13 11 10 4 10 5 4 6 5 4 4 8 4 6 4 7 5 8 5 4 8 14 11 4 7 5 8 8 4 7 N 9 5 6 N 6 11 5 4 6 4 10 N N 4 11 N 6 11 4 11 11 N 10 5 N 9 4 4 10 10 4 8 N 12 5 N 4 12 4 11 4 5 5 4 5 5 5 11 11 6 5 5 10 4 5 7 4 15 5 4 4 12 4 5 11 4 11 8 6 10 5 9 9 N 7 4 N 6 10 5 15 8 7 4 13 8 4 4 11 4 13 12 9 N N 4 N 4 10 12 N 14 4 6 N 10 4 9 5 7 5 N 5 5 4 4 14 11 6 6 4 6 24 5 5 6 9 7 N 4 4 N 6 N 6 7 5 5 4 10 N 6 5 10 6 5 7 5 4 N 6 9 N 4 4 12 5 15 13 N 6 11 5 8 4 5 10 11 4 11 5 6 5 4 5 5 6 N 5 8 6 4 8 N 7 N N N 4 9 7 8 N 5 5 N 11 4 8 26 8 N 4 9 10 8 5 5 4 N N 13 11 13 5 7 9 8 N N 9 N 4 8 7 N 11 N 4 5 6 9 6 5 9 N 5 N 4 12 7 5 8 4 N N 10 5 9 10 4 4 4 10 8 10 4 8 6 13 6 13 4 11 5 11 5 5 6 7 N N 5 N 4 7 5 N 9 N 6 5 4 5 4 12 7 N 7 6 11 N 6 6 9 4 5 13 6 12 N 4 N 10 N 5 N 4 N 6 4 5 N 5 10 N 12 6 N N N 4 5 6 6 5 4 N 4 4 N 5 4 4 10 6 12 N 5 15 N 5 11 5 5 5 N N 11 10 6 N 7 7 7 8 5 N 6 N 4 11 14 N 5 10 7 N 5 8
* Kit 1040871 has 37 STRs.
1040871 13 25 14 11 11 14 12 12 12 13 13 29 17 9 10 11 11 26 15 19 28 14 15 15 17 11 10 19 23 16 15 18 16 37 38 12 12
* Kit 111892 has 111 STRs.
111892 13 25 14 11 11 14 12 12 12 13 13 29 17 9 10 11 11 26 15 19 28 14 15 15 17 11 10 19 23 16 15 18 16 37 38 12 12 11 9 15 16 8 10 10 8 10 10 12 23 23 16 10 12 12 15 8 12 22 20 13 12 11 13 11 11 12 12 34 14 9 16 12 25 26 19 12 11 13 12 11 9 12 12 10 12 11 28 12 12 25 13 10 10 20 15 19 14 24 17 12 15 24 12 23 18 12 14 17 9 12 11
* Kit 271854 has 838 STRs.
271854 13 25 14 11 11 14 12 12 12 13 13 29 17 9 10 11 11 26 15 19 28 14 15 15 17 11 10 19 23 16 15 18 16 37 38 12 12 11 9 15 16 8 10 10 8 10 11 12 23 23 16 10 12 12 14 8 12 22 20 13 12 11 13 11 11 12 12 34 14 9 16 12 25 26 19 12 11 13 12 11 9 12 12 10 12 11 28 12 13 24 13 10 10 20 15 19 14 24 17 12 15 24 12 23 18 12 14 17 9 12 11 5 4 4 4 7 5 4 11 11 4 4 5 4 9 4 4 6 6 4 4 5 4 5 5 5 5 4 5 6 5 7 4 5 4 4 5 6 4 4 6 5 4 4 4 6 10 4 4 8 6 5 4 5 8 5 8 5 10 7 7 8 7 5 5 5 12 4 4 8 5 5 7 11 5 11 5 5 5 5 7 6 6 6 7 5 6 14 4 5 4 4 5 5 5 5 5 8 9 6 5 6 6 9 5 4 4 5 5 12 5 5 5 4 5 8 4 4 4 4 8 5 6 6 4 4 4 5 11 4 6 6 6 4 4 4 4 5 6 6 4 9 4 10 12 4 5 5 8 6 11 6 5 11 5 6 6 5 8 4 4 4 6 4 4 5 11 7 5 11 5 5 4 12 8 6 10 7 5 4 4 5 5 8 4 6 7 10 4 6 4 10 11 4 5 12 7 4 5 6 11 6 8 5 4 8 5 5 5 8 13 10 6 6 6 8 4 6 4 7 4 7 5 8 5 6 5 7 4 11 5 6 4 5 7 4 4 4 7 5 4 7 6 5 6 9 5 5 6 8 8 6 6 6 4 4 6 4 10 13 10 6 6 4 6 5 5 5 4 4 5 13 5 14 4 5 8 6 13 10 7 5 5 6 12 4 6 7 6 14 4 5 6 5 5 6 5 5 5 5 8 10 11 4 4 9 11 7 4 11 4 5 9 10 10 11 10 5 4 15 5 10 13 5 4 7 7 13 11 10 4 10 5 4 6 5 4 4 8 4 6 4 7 5 8 5 4 8 14 11 4 7 5 8 8 4 7 5 9 5 6 4 6 11 5 4 6 4 10 6 6 4 11 7 6 11 4 11 11 10 10 5 N 9 4 4 10 10 4 8 5 12 5 11 4 12 4 11 4 5 5 4 5 5 5 11 11 6 5 5 10 4 5 7 4 14 5 4 4 12 4 5 11 4 11 8 6 10 5 9 9 5 7 4 7 6 10 5 15 8 7 4 13 8 4 4 11 4 13 12 9 N 6 N N 4 10 N 7 14 4 6 19 N N 9 5 7 5 N 5 5 4 4 14 N 6 6 N 6 N N 5 6 9 7 10 4 4 N 6 10 6 7 5 5 4 10 13 N 5 10 N 5 7 5 4 17 N N N 4 4 12 5 15 13 13 N 11 5 8 4 5 10 11 4 11 5 6 5 4 5 5 N N 5 N N 4 N N 7 N 11 N 4 N 7 8 N 5 5 N 11 4 8 26 8 5 4 N N N 5 5 4 11 16 13 N N N 7 9 8 N N N 4 4 8 N N 11 13 4 5 6 9 6 5 9 14 5 16 4 12 7 5 N 4 17 17 10 5 9 10 4 N N N 8 10 4 N 6 13 6 13 4 11 5 N 5 5 6 7 N N 5 10 4 N 5 4 9 N 6 5 4 5 4 12 N N N N 11 N 6 N 9 4 5 13 6 12 4 4 16 N 8 5 N 4 5 6 4 5 N 5 N 5 12 6 4 17 N 4 5 6 6 N 4 19 4 4 N 5 4 4 10 6 12 5 5 15 4 5 N 5 5 N N 12 11 10 N N 7 7 7 N N 9 6 7 4 N N N 5 10 7 5 5 N
* Kit 460858 has 838 STRs.
460858 13 25 14 12 11 14 12 12 12 13 13 29 17 9 10 11 11 26 15 19 28 14 15 15 17 11 10 19 23 16 15 18 16 37 38 12 12 11 9 15 16 8 10 10 8 10 11 12 23 23 16 10 12 12 15 8 12 22 20 13 12 11 13 11 11 12 12 34 14 9 16 12 25 26 19 12 11 13 12 11 9 12 12 10 12 11 28 12 13 24 13 10 10 20 15 19 14 24 17 12 15 24 12 23 18 12 14 17 9 12 11 5 4 4 4 7 5 4 11 11 4 4 5 4 9 4 4 6 6 4 4 5 4 5 5 5 5 4 5 6 5 7 4 5 4 4 5 6 4 4 6 5 4 4 4 6 10 4 4 8 6 5 4 5 8 5 8 5 10 7 7 8 7 5 5 5 12 4 4 8 5 5 7 11 5 11 5 5 5 5 7 6 6 6 7 5 6 14 4 5 4 4 5 5 5 5 5 8 9 6 5 6 6 9 5 4 4 5 5 12 5 5 5 4 5 8 4 4 4 4 8 5 6 6 4 4 4 5 11 4 6 6 6 4 4 4 4 5 6 6 4 9 4 10 12 4 5 5 8 6 11 6 5 11 5 6 6 5 8 4 4 4 6 4 4 5 11 7 5 11 5 5 4 12 8 6 10 7 5 4 4 5 5 8 4 6 7 10 4 6 4 10 11 4 5 12 7 4 5 6 11 6 N 5 4 8 5 5 5 8 13 10 6 6 6 8 4 6 4 7 4 7 5 8 5 6 5 7 4 11 5 6 4 5 7 4 4 4 7 5 4 7 6 5 6 9 5 5 6 8 8 6 6 6 4 4 6 4 10 13 10 6 6 4 6 5 5 5 4 4 5 13 5 14 4 5 8 6 13 10 7 5 5 6 12 4 6 7 6 14 4 5 6 5 5 6 5 5 5 5 8 10 11 4 4 9 11 7 4 11 4 5 9 10 10 11 10 5 4 15 5 10 N 5 4 7 7 13 11 10 4 10 5 4 6 5 4 4 8 4 6 4 7 5 8 5 4 8 14 11 4 7 5 8 8 4 7 5 9 5 6 N 6 11 5 4 6 4 10 6 N 4 11 7 6 11 4 11 11 10 10 5 N 9 4 4 10 10 4 8 5 12 5 11 4 N 4 11 4 5 5 4 5 5 5 11 11 6 5 5 10 4 5 7 4 14 5 4 4 12 4 5 11 4 11 8 6 10 5 9 9 N 7 4 7 6 10 5 15 8 7 4 13 8 4 4 11 4 13 12 9 5 6 4 N 4 10 12 7 14 4 6 19 10 4 9 5 7 5 N 5 5 4 4 14 11 6 6 4 6 24 5 5 6 9 7 10 4 4 N 6 10 6 7 5 5 4 10 N 6 5 10 6 5 7 5 4 N 6 9 N 4 4 12 5 15 13 N 6 11 5 8 4 5 10 11 4 11 5 6 5 4 5 5 6 4 5 8 6 4 8 6 7 6 11 N 4 9 7 8 N 5 5 N 11 4 8 26 8 5 4 9 10 8 5 5 4 11 16 13 11 13 5 7 9 8 N N 9 N 4 8 7 N 11 N 4 5 6 9 6 5 9 14 5 16 4 12 7 5 8 4 N 17 10 N 9 10 4 4 4 10 8 10 4 8 6 13 6 13 4 11 N 11 N 5 6 7 N N 5 N N 7 5 N 9 N 6 5 4 5 4 12 7 8 7 6 11 N 6 6 9 4 5 13 6 12 4 4 N 10 N 5 N 4 N 6 4 5 N 5 10 5 12 6 4 N N 4 5 6 6 5 4 N 4 4 N 5 4 4 10 6 N 8 5 15 N 5 11 5 5 5 7 12 11 10 6 N 7 7 7 8 5 9 6 7 4 11 14 9 5 10 7 N 5 8
/SNPDATA
271854   (BY2604+)
460858   (BY2604+)
1039691  (BY2604+)
/SNPTREE
BY2604     1800  R         
/GENDATA
JohnNeely.1786   (271854 460858 1039691)
WalterNeely.1871 (271854 460858)
