/STRDATA * strdata10
* Kit 160102 has 37 STRs.
160102 13 25 13 10 16 19 11 12 12 13 11 30 15 9 9 11 11 26 14 20 33 14 16 17 17 9 11 19 21 16 12 17 18 32 34 11 10
* Kit 470236 has 37 STRs.
470236 13 25 13 10 16 19 11 12 12 13 11 30 15 9 9 11 11 26 14 20 32 14 16 17 17 9 11 19 21 16 12 17 18 32 34 11 10
* Kit 484330 has 37 STRs.
484330 13 25 13 10 16 19 11 12 12 13 11 30 15 9 9 11 11 26 14 20 32 14 16 17 17 9 11 19 21 16 12 17 18 32 34 11 10
* Kit 574807 has 37 STRs.
574807 13 25 13 10 16 19 11 12 12 13 11 30 15 9 9 11 11 26 14 20 33 14 16 17 17 9 11 19 21 16 12 17 18 32 34 11 10
* Kit B711609 has 838 STRs.
B711609 13 25 13 10 16 19 11 12 12 13 11 30 15 9 9 11 11 26 14 20 32 14 16 17 17 9 11 19 21 16 12 17 18 32 34 11 10 10 8 15 15 8 11 10 8 12 10 N 23 25 18 11 12 14 18 7 11 22 19 12 13 12 14 11 11 11 11 35 15 8 15 11 23 27 19 13 12 12 12 12 9 12 11 10 11 12 31 10 13 18 15 11 10 19 16 23 12 26 13 16 17 23 14 23 19 12 14 17 9 12 11 5 4 4 4 7 5 4 10 12 4 4 5 4 8 4 4 6 6 4 4 5 4 5 5 5 5 4 5 6 5 7 4 5 4 4 5 6 4 4 6 5 4 4 4 6 10 4 4 8 6 5 4 5 8 5 8 5 10 7 7 8 7 5 5 5 11 4 4 8 5 5 7 11 5 12 5 5 5 5 7 6 6 6 7 5 6 13 4 5 4 4 5 5 5 5 5 8 8 6 5 6 6 9 5 4 4 5 5 9 5 5 5 4 5 8 4 4 4 4 8 5 6 6 4 4 4 5 11 4 6 6 6 4 4 4 4 5 6 6 4 9 4 11 11 4 5 5 8 6 11 6 5 11 5 6 6 5 8 4 4 4 6 4 4 5 11 7 5 11 5 5 4 10 8 6 10 9 5 4 4 5 5 8 4 6 7 9 4 6 4 11 11 4 5 11 7 4 5 6 11 6 N 5 4 8 5 5 5 11 11 9 8 6 6 8 4 6 4 7 4 7 5 8 5 6 5 7 4 12 5 6 4 5 7 4 4 4 7 5 4 7 6 5 6 9 5 5 6 8 8 6 6 6 4 4 6 4 10 14 10 6 6 4 6 5 5 5 4 4 5 13 5 14 4 5 8 6 14 11 7 5 5 6 13 4 6 7 6 19 4 5 6 5 5 6 5 5 5 5 8 9 10 6 4 N 12 7 4 12 4 5 9 9 11 11 10 5 4 16 5 9 13 5 4 7 7 14 12 10 4 9 5 4 6 5 4 4 8 4 6 4 7 5 8 5 4 8 13 12 4 7 5 8 8 4 7 5 10 5 6 4 6 15 5 4 6 4 9 6 6 4 10 7 7 9 4 10 11 8 10 5 5 9 4 4 10 12 4 8 5 12 5 11 4 11 4 11 4 5 5 4 5 5 5 11 9 6 5 5 10 4 5 7 4 14 5 4 4 12 4 5 14 4 11 8 6 10 5 N 10 5 7 4 7 6 10 5 13 8 7 N 12 8 4 4 10 4 13 13 9 5 6 4 14 4 9 12 7 15 4 7 17 8 4 9 5 7 5 N 5 5 4 4 14 11 6 6 4 6 N 5 5 6 9 7 11 4 4 17 6 N 6 7 5 5 N 10 10 6 5 10 6 5 8 5 4 16 6 9 N 4 4 13 5 13 13 15 6 11 5 8 4 5 10 11 4 13 5 6 5 4 5 5 6 N 5 8 6 4 8 6 8 6 12 12 4 9 7 8 N 5 5 N 9 4 8 25 8 5 4 9 10 8 5 5 4 11 15 13 N 13 5 7 10 8 N 4 9 4 4 8 7 15 N 13 4 5 6 9 6 5 9 15 5 18 4 12 7 5 8 4 16 18 11 5 9 9 4 4 4 10 N 10 4 8 6 14 6 12 4 12 5 10 5 5 6 7 N 12 5 N 4 7 5 4 9 4 6 5 4 5 5 N 7 8 7 6 11 N 6 6 9 4 5 12 6 13 4 4 N 14 N 5 13 4 N 6 4 5 N 5 10 5 12 6 N 14 7 4 5 6 6 5 4 19 4 4 5 5 4 N 10 6 12 N 5 N N 5 11 5 5 5 7 N N 11 6 17 N 7 7 8 5 N 6 7 4 11 13 N 7 10 7 5 5 8
* Kit B94588 has 838 STRs.
B94588 13 25 13 10 16 19 11 12 12 13 11 30 15 9 9 11 11 26 14 20 33 14 16 17 17 9 11 19 21 16 12 17 18 32 34 11 10 10 8 15 15 8 11 10 8 12 10 N 23 25 18 11 12 14 17 7 11 22 19 12 13 12 14 11 11 11 11 35 15 8 15 11 23 27 19 13 12 12 12 12 9 12 11 10 11 12 31 10 13 18 15 11 10 19 16 23 12 26 13 16 17 23 14 23 19 12 14 17 9 12 11 5 4 4 4 7 5 4 10 12 4 4 5 4 8 4 4 6 6 4 4 5 4 5 5 5 5 4 5 6 5 7 4 5 4 4 5 6 4 4 6 5 4 4 4 6 10 4 4 8 6 5 4 5 8 5 8 5 10 7 7 8 7 5 5 5 11 4 4 8 5 5 7 11 5 12 5 5 5 5 7 6 6 6 7 5 6 13 4 5 4 4 5 5 5 5 5 8 8 6 5 6 6 9 5 4 4 5 5 9 5 5 5 4 5 8 4 4 4 4 8 5 6 6 4 4 4 5 11 4 6 6 6 4 4 4 4 5 6 6 4 9 4 11 11 4 5 5 8 6 11 6 5 11 5 6 6 5 8 4 4 4 6 4 4 5 11 7 5 11 5 5 4 10 8 6 10 9 5 4 4 5 5 8 4 6 7 9 4 6 4 11 11 4 5 11 7 4 5 6 11 6 N 5 4 8 5 5 5 11 12 9 8 6 6 8 4 6 4 7 4 7 5 8 5 6 5 7 4 12 5 6 4 5 7 4 4 4 7 5 4 7 6 5 6 9 5 5 6 8 8 6 6 6 4 4 6 4 10 14 10 6 6 4 6 5 5 5 4 4 5 12 5 14 4 5 8 6 14 11 7 5 5 6 13 4 6 7 6 19 4 5 6 5 5 6 5 5 5 5 8 9 10 6 4 9 12 7 4 12 4 5 9 9 11 11 10 5 4 16 5 9 13 5 4 7 7 14 12 10 4 9 5 4 6 5 4 4 8 4 6 4 7 5 8 5 4 8 13 12 4 7 5 8 8 4 7 5 10 N 6 4 6 15 5 4 6 4 9 6 6 4 10 7 7 9 4 10 11 8 10 5 5 9 4 4 10 12 4 8 5 12 5 11 4 11 4 11 4 5 5 4 5 N 5 11 9 6 5 5 10 4 5 7 4 14 5 4 4 12 4 5 14 4 11 8 6 10 5 N 10 5 7 4 N 6 10 5 13 8 7 4 12 8 4 4 10 4 13 13 9 5 6 4 14 4 9 12 7 15 4 7 17 N 4 9 5 7 5 N 5 5 N 4 14 11 6 6 4 6 N 5 5 6 9 7 N 4 4 16 N 11 6 7 5 5 N 10 10 6 5 10 6 5 8 5 4 16 6 9 N 4 4 13 5 13 13 15 6 11 5 8 4 5 10 11 4 13 5 6 5 4 5 5 6 N 5 8 6 4 8 N 8 6 12 12 4 9 7 8 N 5 5 N 9 4 8 25 8 5 4 N 10 8 5 5 4 11 15 13 N 13 5 7 10 8 13 4 9 N 4 8 7 15 N 13 4 5 6 9 6 5 9 15 5 18 4 N 7 5 N 4 16 18 11 5 9 9 4 4 4 10 N 10 4 8 6 14 6 N 4 12 5 N N 5 6 7 14 12 5 10 4 7 5 4 9 4 6 5 4 5 5 12 7 8 7 6 11 N 6 N 9 4 5 12 6 13 4 4 17 14 N 5 N 4 N 6 4 5 N 5 10 5 12 6 4 14 7 4 5 6 6 5 4 18 4 4 5 5 4 4 N 6 12 N 5 N N 5 11 5 5 5 7 N N 11 6 17 7 7 7 8 5 N 6 7 4 11 13 N N 10 7 5 5 8
/SNPDATA
B711609 (FTG33321+)
B94588  (FTG33321+)

/SNPTREE 
FTG33321   389   E         
