/STRDATA * strdata5
* Kit 151217 has 37 STRs.
151217 13 24 14 10 11 14 12 13 12 13 13 30 18 9 10 11 11 25 15 19 30 15 15 16 17 11 11 19 24 16 15 18 17 38 38 12 12
* Kit 206956 has 67 STRs.
206956 13 24 14 10 10 14 12 12 12 13 13 30 17 9 10 11 11 25 15 19 30 15 15 17 17 11 12 19 24 17 15 18 17 37 38 12 12 12 9 15 16 8 10 10 8 10 10 12 22 23 17 10 12 12 16 8 11 22 20 12 12 11 13 11 11 12 12
* Kit 302269 has 37 STRs.
302269 13 24 14 10 10 14 12 12 12 13 13 30 17 9 10 11 11 25 15 19 30 15 15 17 17 11 12 19 24 17 15 18 17 37 38 12 12
* Kit 303200 has 37 STRs.
303200 13 24 14 10 10 14 12 12 12 13 13 30 17 9 10 11 11 25 15 19 29 15 15 17 17 11 12 19 24 17 15 18 17 37 38 12 12
* Kit 335151 has 37 STRs.
335151 13 24 14 10 10 14 12 12 12 13 13 30 17 9 10 11 11 25 15 19 30 15 15 17 17 11 12 19 24 17 15 18 17 37 38 12 12
* Kit IN97789 has 838 STRs.
IN97789 13 24 14 10 10 14 12 12 12 13 13 30 17 9 10 11 11 25 15 19 30 15 15 17 17 11 12 19 24 17 15 18 17 37 38 12 12 12 9 15 16 8 10 10 8 10 10 12 22 23 17 10 12 12 16 8 11 22 20 12 12 11 13 11 11 12 12 35 15 9 16 12 26 26 21 12 11 14 12 11 9 13 12 10 11 11 30 12 13 24 13 10 10 20 15 18 13 24 17 12 16 24 12 24 18 10 14 17 9 11 11 5 4 4 4 7 5 4 11 11 4 4 5 4 9 4 4 6 6 4 4 5 4 5 5 5 5 4 5 6 5 7 4 5 4 4 5 6 4 4 6 5 4 4 4 6 10 4 4 8 6 5 4 5 8 5 8 5 10 7 7 8 7 5 5 5 12 4 4 8 5 5 7 11 5 11 5 5 5 5 7 6 6 6 7 5 6 13 4 5 4 4 5 5 5 5 5 8 9 6 5 6 6 9 5 4 4 5 5 12 5 5 5 4 5 8 4 4 4 4 8 5 6 6 4 4 4 5 11 4 6 6 6 4 4 4 4 5 6 6 4 9 4 10 11 4 5 5 8 6 11 6 5 11 5 6 6 5 8 4 4 4 6 4 4 5 11 N 5 11 5 5 4 11 8 6 10 7 5 4 4 5 5 8 4 6 7 10 4 6 4 10 11 4 N 12 7 4 5 6 11 6 N 5 4 8 5 5 5 9 N 10 6 6 6 8 4 6 4 7 4 7 5 8 5 6 5 7 4 11 5 6 4 5 7 N 4 4 7 5 4 7 6 5 6 9 5 5 6 8 N 6 6 N 4 4 6 4 10 12 10 6 6 4 N 5 5 5 4 4 5 13 5 N 4 5 8 6 12 10 7 5 5 6 12 4 6 7 N 14 4 5 6 5 5 6 5 N 5 5 8 10 11 4 4 N 11 7 4 11 4 5 9 10 9 N 10 5 N 15 5 10 14 5 4 7 7 14 11 10 4 10 5 4 6 5 4 4 8 4 6 4 7 5 8 5 4 8 15 11 4 7 5 N 8 4 7 5 9 5 N 4 6 N 5 4 6 4 N 6 6 4 11 N 6 11 4 11 N 10 10 5 5 9 4 4 N 10 4 8 N 12 5 N 4 11 4 N 4 5 5 4 5 5 5 11 11 6 5 5 10 4 5 7 4 14 5 4 4 N 4 5 11 4 11 8 6 10 5 9 9 5 8 4 7 6 10 5 N 8 7 4 N 8 4 4 11 4 N 12 9 5 6 4 N 4 10 12 7 N 4 6 18 10 4 9 5 7 5 N 5 5 4 4 15 N 6 6 N 6 24 N 5 6 9 7 10 4 4 N 6 10 6 7 5 5 4 10 N 6 5 10 6 5 7 5 4 17 N 9 N 4 4 12 5 15 13 14 N 11 5 8 4 5 10 11 4 11 5 N 5 4 5 5 6 N 5 N 6 4 8 N 7 6 11 N 4 9 7 8 N 5 5 N 11 4 8 26 8 5 4 9 N 8 5 5 4 N 16 13 N 13 5 7 9 8 N 4 9 N 4 8 7 N 11 12 4 5 6 9 6 5 9 15 5 14 4 N 7 5 N 4 17 17 10 5 9 10 4 4 4 10 8 10 4 8 6 13 6 13 4 11 5 14 N 5 6 7 N N 5 N 4 7 5 N 9 N 6 5 4 5 N N 7 8 N 6 N N 6 6 9 4 5 13 6 12 4 4 16 10 8 5 11 4 5 6 4 5 N 5 11 5 12 6 N 17 7 4 5 6 6 N 4 N 4 4 5 5 4 4 10 6 N 8 5 15 4 N 12 5 5 5 7 12 N 10 6 N 7 7 7 8 5 N 6 7 4 11 13 9 5 10 7 5 5 8
/SNPDATA
206956  (S690+ FT22039?)
IN97789 (S690+ FT22039+)
151217  (S690+ FT22039?) * placeholder
302269  (S690+ FT22039?) * placeholder
303200  (S690+ FT22039?) * placeholder
335151  (S690+ FT22039?) * placeholder
/SNPTREE * snptree5
S690      1330  R
FT22039    1579  S690      
//
