* Kit 149068 has 561 STRs.
149068 13 23 14 10 14 15 11 14 11 12 11 28 15 8 9 8 11 23 16 20 29 11 14 14 16 10 10 19 21 14 14 17 21 35 39 12 10 11 8 15 15 8 11 10 8 9 10 12 23 23 15 10 12 12 16 8 13 25 20 12 13 11 12 11 11 12 11 32 12 8 17 12 25 27 19 11 13 12 13 12 9 11 11 10 12 13 31 11 13 21 16 11 10 25 15 18 11 25 17 13 16 25 12 21 19 12 14 18 9 11 11 5 4 4 4 7 5 4 10 11 4 4 5 4 9 4 4 6 6 4 4 5 4 5 5 5 5 4 5 6 5 7 4 5 4 4 5 6 4 4 6 5 4 4 4 6 10 4 4 8 6 5 4 5 8 5 8 5 10 7 7 8 7 5 5 5 11 4 4 8 5 5 6 11 5 11 5 5 5 5 7 6 6 6 7 5 6 12 4 5 4 4 5 5 5 5 5 8 8 6 5 6 6 9 5 4 4 5 5 8 5 5 5 4 5 8 4 4 4 4 8 5 6 6 4 4 4 5 11 4 6 6 6 4 4 4 4 5 6 6 4 10 4 10 13 4 5 5 8 6 10 6 N 11 5 6 6 5 8 4 4 4 6 4 4 5 11 7 5 10 5 5 4 10 8 6 10 10 5 4 4 5 5 8 4 6 7 10 4 6 4 10 11 4 5 12 7 4 N 6 12 8 8 5 4 8 N 5 N 10 13 10 6 6 6 8 4 6 4 N 4 7 5 N 5 6 5 7 4 11 5 6 4 5 5 4 N 4 7 5 4 7 6 5 6 9 5 5 6 9 8 6 6 6 4 4 N 4 9 14 9 6 6 4 6 5 5 5 N 4 5 14 5 N 4 5 8 N 13 9 7 5 5 6 12 4 6 8 6 15 4 5 6 5 5 6 5 N 5 5 8 9 11 6 4 9 11 7 4 11 4 5 9 10 9 11 8 5 4 15 5 9 N 5 4 7 7 12 11 10 4 9 5 4 6 5 4 4 9 4 6 4 7 5 8 5 4 8 13 N 4 7 6 8 8 4 7 5 N 5 6 4 6 11 5 4 6 4 10 N N 4 11 7 6 14 4 N 13 10 9 5 5 9 4 4 N 9 4 8 5 12 5 12 4 13 4 11 N 5 N 4 5 N 5 9 10 6 5 5 11 4 5 7 4 11 N 4 4 12 4 5 N 4 11 N N 11 5 8 10 5 7 4 7 6 9 N N 8 8 4 N 8 4 4 11 4 N 8 N
* Kit 182748 has 838 STRs.
182748 13 23 14 10 14 15 11 14 11 12 11 28 15 8 9 8 11 23 16 20 29 11 14 14 16 10 10 19 21 14 14 16 21 35 38 12 10 11 8 15 15 8 11 10 8 9 10 12 23 23 15 10 12 12 16 8 13 25 20 12 13 11 12 11 11 12 11 32 12 8 17 12 25 27 19 11 13 12 13 12 9 11 11 10 12 13 31 11 13 21 16 11 10 25 15 18 11 25 17 13 15 25 12 21 19 12 14 18 9 11 11 5 4 4 4 7 5 4 10 11 4 4 5 4 9 4 4 6 6 4 4 5 4 5 5 5 5 4 5 6 5 7 4 5 4 4 5 6 4 4 6 5 4 4 4 6 10 4 4 8 6 5 4 5 8 5 8 5 10 7 7 8 7 5 5 5 11 4 4 8 5 5 6 11 5 11 5 5 5 5 7 6 6 6 7 5 6 12 4 N 4 4 5 5 5 5 5 8 8 6 5 6 6 9 5 4 4 5 5 8 5 5 5 4 5 8 4 4 4 4 8 5 6 6 4 4 4 5 11 4 6 6 6 4 4 4 4 5 6 6 4 10 4 10 13 4 5 5 8 6 10 6 5 11 5 6 6 5 8 4 4 4 6 4 4 5 11 7 5 10 5 5 4 10 8 6 10 10 5 4 4 5 5 8 4 6 7 10 4 6 4 10 11 4 5 12 7 4 5 6 12 8 N 5 4 8 5 5 5 10 13 10 6 6 6 8 4 6 4 7 4 7 5 8 5 6 5 7 4 11 5 6 4 5 5 4 4 4 7 5 4 7 6 5 6 9 5 5 6 9 8 6 6 6 4 4 6 4 9 14 9 6 6 4 6 5 5 5 4 4 5 14 5 13 4 5 8 6 13 9 7 5 5 6 12 4 6 8 6 15 4 5 6 5 5 6 5 5 5 5 8 9 11 6 4 N 11 7 4 11 4 5 9 10 9 11 8 5 4 15 5 9 15 5 4 7 7 12 11 10 4 9 5 4 6 5 4 4 9 4 6 4 7 5 8 5 4 8 13 11 4 7 6 8 8 4 7 5 10 5 6 4 6 11 5 4 6 4 10 6 6 4 11 7 6 14 4 11 13 10 9 5 5 9 4 4 9 9 4 8 5 12 5 12 4 13 4 11 4 5 5 4 5 5 5 9 10 6 5 5 11 4 5 7 4 11 5 4 4 12 4 5 12 4 11 8 6 11 5 8 10 5 7 4 7 6 9 5 14 8 8 4 13 8 4 4 11 4 14 8 9 5 6 4 14 4 10 12 7 12 4 6 N 9 4 10 5 7 5 N 5 5 4 4 12 10 6 6 N 6 N N 5 6 9 7 10 4 4 17 N 10 6 7 5 5 4 12 11 6 5 10 6 5 9 5 4 12 6 9 N N 4 12 N 13 14 12 6 11 5 8 4 5 11 11 4 11 5 6 5 4 5 5 6 N 5 8 6 4 8 6 8 6 11 13 4 9 7 8 N 5 5 N 9 4 8 25 8 5 4 9 11 8 5 5 4 11 14 13 10 13 5 7 9 7 17 4 9 4 4 N 7 14 11 12 N 5 6 9 6 5 9 16 5 19 4 N 7 5 N 4 15 14 10 5 9 11 4 4 4 11 N 11 4 8 6 11 6 N 4 13 5 15 5 5 6 7 13 N 5 N 4 7 5 4 10 4 6 5 4 5 N N 7 N 7 6 10 N 6 6 9 4 5 12 6 13 N 4 17 12 N 5 9 4 N 6 4 5 N 5 8 5 12 6 4 N 7 4 5 6 6 5 4 17 4 4 5 5 4 N 9 6 13 N 5 N 4 5 11 4 5 5 7 N N 10 6 N 7 7 7 8 5 N 6 7 4 10 12 8 7 11 7 5 5 8
* Kit 206366 has 37 STRs.
206366 13 23 14 10 15 15 11 14 11 12 11 28 15 8 9 8 11 23 16 20 29 11 14 14 16 10 10 19 21 14 14 17 20 35 38 12 10
* Kit 326689 has 37 STRs.
326689 13 23 14 10 14 14 11 14 11 12 11 28 15 8 9 8 11 23 16 20 29 11 14 14 16 10 10 19 21 14 14 17 20 35 38 12 10
* Kit 496513 has 838 STRs.
496513 13 23 14 10 14 15 11 14 11 12 11 28 15 8 9 8 11 23 16 20 29 11 14 14 16 10 10 19 21 14 14 17 21 37 38 13 10 11 8 15 15 8 11 10 8 9 10 12 23 23 15 10 12 12 16 8 13 25 20 12 13 11 12 11 11 12 11 32 12 8 17 12 24 27 19 11 11 12 13 12 9 11 11 10 12 13 31 11 13 21 16 11 10 27 15 17 11 25 17 13 15 25 12 21 19 12 14 18 9 11 11 5 4 4 4 7 5 4 10 11 4 4 5 4 9 4 4 6 6 4 4 5 4 5 5 5 5 4 5 6 5 7 4 5 4 4 5 6 4 4 6 5 4 4 4 6 10 4 4 8 6 5 4 5 8 5 8 5 10 7 7 8 7 5 5 5 11 4 4 8 5 5 6 11 5 11 5 5 5 5 7 6 6 6 7 5 6 12 4 5 4 4 5 5 5 5 5 8 8 6 5 6 6 9 5 4 4 5 5 8 5 5 5 4 5 8 4 4 4 4 8 5 6 6 4 4 4 5 11 4 6 6 6 4 4 4 4 5 6 N 4 10 4 10 13 4 5 5 8 6 10 6 5 11 5 6 N 5 8 4 4 4 6 4 4 5 11 N 5 10 5 5 4 10 8 6 10 10 N 4 4 5 5 8 4 6 7 10 4 6 4 10 11 4 5 N 7 4 5 6 12 8 8 5 4 8 N 5 5 10 13 10 6 6 6 8 4 6 4 7 4 7 5 8 5 6 5 7 4 11 5 6 4 5 5 4 4 4 7 5 4 7 6 5 6 9 5 5 6 9 8 6 6 6 4 4 6 4 9 14 9 6 6 4 N 5 5 5 4 4 5 13 5 13 4 5 8 6 13 9 7 5 5 6 N 4 6 8 6 15 4 5 6 5 5 6 5 N 5 5 8 9 11 6 4 N 11 7 4 11 4 5 9 10 9 12 8 5 N 15 5 9 N 5 4 7 7 12 12 10 4 9 5 4 6 5 4 4 9 4 6 4 7 5 8 5 N 8 13 11 4 7 6 N 8 4 7 5 10 5 6 4 6 11 5 4 6 4 N N 6 4 11 7 6 14 4 11 13 10 9 5 5 9 4 4 N 9 4 8 5 12 5 N 4 13 4 11 4 5 5 4 5 5 5 9 10 6 5 5 11 4 5 7 4 11 5 4 4 N 4 5 12 4 N 8 6 11 5 8 10 5 7 4 7 N 9 5 14 8 8 4 12 8 4 4 11 4 N 8 9 5 6 4 14 4 10 12 7 N 4 6 21 9 4 10 5 7 5 N 5 5 4 4 12 10 6 6 4 6 24 5 5 6 9 7 N 4 4 17 6 10 6 7 5 5 4 12 11 6 5 10 6 5 9 5 4 12 6 N 6 4 4 12 5 13 14 12 N 11 5 8 4 5 11 N 4 N 5 N 5 4 5 5 6 N 5 N 6 4 8 6 8 6 N 13 4 9 N 8 4 5 5 N 9 4 8 25 8 5 4 9 11 8 5 5 4 N 14 13 10 13 N 7 N 7 17 N N N 4 N 7 N 11 12 4 5 6 9 6 5 9 16 5 N 4 13 7 5 8 4 15 N 10 5 9 11 4 4 4 11 N 11 N 8 6 11 6 11 4 13 N 14 5 5 6 7 13 N 5 N 4 7 N 4 10 N 6 5 4 5 4 N N N N 6 10 N 6 6 9 4 5 12 6 13 N 4 17 12 N 5 9 4 5 6 4 5 4 5 8 5 12 6 4 16 7 4 5 6 6 5 4 N 4 4 5 5 4 4 9 N N N 5 12 4 5 11 4 5 5 N 11 N 10 6 N 7 7 7 8 5 N N 7 4 10 N 8 N 11 7 5 5 8
* Kit 502282 has 111 STRs.
502282 13 23 14 10 14 15 11 14 11 12 11 28 15 8 9 8 11 23 16 20 29 11 14 14 16 10 10 19 21 14 14 17 22 36 38 13 10 11 8 15 15 8 11 10 8 9 10 12 23 23 15 10 12 12 16 8 13 25 20 12 13 11 12 11 11 12 11 32 12 8 17 12 25 27 19 11 11 12 13 12 9 11 11 10 12 13 31 11 13 21 16 11 10 25 15 18 11 25 17 13 15 25 12 21 19 12 14 18 9 11 11
* Kit 598348 has 561 STRs.
598348 13 23 14 10 14 15 11 14 11 12 11 28 15 8 9 8 11 23 16 20 29 11 14 14 16 10 10 19 21 14 14 17 21 35 38 12 10 11 8 15 15 8 11 10 8 9 10 12 23 23 15 10 12 12 16 8 13 25 20 12 13 11 12 11 11 12 11 32 12 8 17 12 25 27 19 11 13 12 13 12 9 11 11 10 12 13 31 11 13 21 16 11 10 26 15 19 12 25 17 13 15 25 12 21 19 12 14 18 9 11 11 5 4 4 4 7 5 4 10 11 4 4 5 4 9 4 4 6 6 4 4 5 4 5 5 5 5 4 5 6 5 7 4 5 4 4 5 6 4 4 6 5 4 4 4 6 10 4 4 8 6 5 4 N 8 5 8 5 10 7 7 8 7 5 5 5 11 4 4 8 5 5 6 11 5 11 5 5 5 5 7 6 6 6 7 5 6 12 4 5 4 4 5 5 5 5 5 8 8 6 5 6 6 9 5 4 4 5 5 8 5 5 5 4 N 8 4 4 4 4 N 5 6 6 4 4 N 5 11 4 6 6 6 4 4 4 4 5 6 6 4 10 4 N 13 4 5 N 8 6 N 6 5 11 5 6 6 5 8 4 4 4 6 4 4 5 11 7 5 10 5 5 4 10 8 6 10 10 5 4 4 5 5 8 4 6 7 10 4 6 4 10 11 4 5 12 7 4 5 6 12 8 8 5 N 8 N 5 5 10 13 10 6 6 6 8 4 6 4 7 4 7 5 8 5 6 5 7 4 11 5 6 4 5 5 4 4 4 7 5 4 7 6 5 6 9 5 5 6 9 8 6 N 6 4 4 6 4 9 14 9 6 6 4 6 5 5 N N 4 N 14 5 13 4 5 8 6 13 9 7 5 5 6 N 4 6 8 N 15 4 5 N 5 5 N N N 5 5 8 N 11 6 4 N 11 7 4 N 4 5 9 10 9 N 8 N 4 15 5 9 15 5 4 7 7 12 11 10 4 9 5 N 6 5 4 4 9 4 N 4 N 5 8 N N 8 13 11 4 7 6 8 8 4 7 5 N 5 6 4 N 11 5 4 6 4 N N 6 4 11 N 6 14 4 N N 10 9 5 5 N 4 4 N 9 4 8 5 N 5 12 4 13 4 11 4 5 N 4 5 N 5 9 10 6 5 5 11 4 5 7 4 11 N 4 4 N 4 5 11 4 11 8 N 11 5 8 10 5 7 4 7 6 9 5 N N 8 4 N N 4 4 11 N 14 8 N
* Kit 686279 has 37 STRs.
686279 13 23 14 10 14 15 11 14 11 12 11 28 15 8 9 8 11 23 16 20 29 11 14 14 16 10 10 19 21 14 14 17 21 35 38 12 10
* Kit 730866 has 111 STRs.
730866 13 23 14 10 14 15 11 14 11 12 11 28 15 8 9 8 11 23 16 20 29 11 14 14 16 10 10 19 21 14 14 17 21 35 38 12 10 11 8 15 15 8 11 10 8 9 10 12 23 23 15 10 12 12 16 8 13 25 20 12 13 11 12 11 11 12 11 32 12 8 17 12 25 27 19 11 13 12 13 12 9 11 11 10 12 13 31 11 13 21 16 11 10 27 15 19 12 25 17 13 15 25 12 21 19 12 14 18 9 11 11
* Kit 792520 has 37 STRs.
792520 13 23 14 10 14 15 11 14 11 12 11 28 15 8 9 8 11 23 16 20 29 11 14 14 15 10 10 19 21 14 14 17 21 35 38 12 10
* Kit 92082 has 37 STRs.
92082 13 23 14 10 14 16 11 14 11 12 11 28 15 8 9 8 11 23 16 20 29 11 14 14 16 10 10 19 21 14 14 17 21 34 37 12 10
* Kit MK85562 has 838 STRs.
MK85562 13 23 14 10 14 15 11 14 11 12 11 28 15 8 9 8 11 23 16 20 29 11 14 14 16 10 10 19 21 14 14 17 21 37 38 13 10 11 8 15 15 8 11 10 8 9 10 12 23 23 15 10 12 12 16 8 13 25 20 12 13 11 12 11 11 12 11 32 12 8 17 12 24 27 19 11 11 12 13 12 9 11 11 10 12 13 31 11 13 21 16 11 10 26 15 17 11 25 17 13 15 25 12 21 19 12 14 18 9 11 11 5 4 4 4 7 5 4 10 11 4 4 5 4 9 4 4 6 6 4 4 5 4 5 5 5 5 4 5 6 5 7 4 5 4 4 5 6 4 4 6 5 4 4 4 6 10 4 4 8 6 5 4 5 8 5 8 5 10 7 7 8 7 5 5 5 11 4 4 8 5 5 6 11 5 11 5 5 5 5 7 6 6 6 7 5 6 12 4 5 4 4 5 5 5 5 5 8 8 6 5 6 6 9 5 4 4 5 5 8 5 5 5 4 5 8 4 4 4 4 8 5 6 6 4 4 4 5 11 4 6 6 6 4 4 4 4 5 6 6 4 10 4 10 13 4 5 5 8 N 10 6 5 11 5 6 6 5 8 4 4 4 6 4 4 5 11 7 5 10 5 5 4 10 8 6 10 10 5 4 4 5 5 8 4 6 7 10 4 6 4 10 11 4 5 12 7 4 5 6 12 8 N 5 4 8 5 5 5 10 13 10 6 6 6 8 4 6 4 7 4 7 5 8 5 6 5 7 4 11 5 6 4 5 5 4 4 4 7 5 4 7 6 5 6 9 5 5 6 9 8 6 6 6 4 4 6 4 9 14 9 6 6 4 6 5 5 5 4 4 5 13 5 13 4 5 8 6 13 9 7 5 5 6 12 4 6 8 6 15 4 5 6 5 5 6 5 5 5 5 8 9 11 6 4 9 11 7 4 11 4 5 9 10 9 11 8 5 4 15 5 9 15 5 4 7 7 12 12 10 4 9 5 4 6 5 4 4 9 4 6 4 7 5 8 5 4 8 13 11 4 7 6 N 8 4 7 5 10 5 6 4 6 11 5 4 6 4 10 6 6 4 11 7 6 14 4 11 13 10 9 5 5 9 4 4 9 9 4 8 5 12 5 12 4 13 4 11 4 5 5 4 5 5 5 9 10 6 5 5 11 4 5 7 4 11 5 4 4 12 4 5 12 4 11 8 6 11 5 8 10 N 7 4 7 6 9 5 14 8 8 4 13 N 4 4 11 4 14 8 9 5 6 4 N 4 10 12 7 12 4 6 21 9 4 10 5 7 5 N 5 5 4 4 12 10 6 6 N 6 24 5 5 6 9 7 10 4 4 17 6 10 6 7 5 5 4 12 11 6 5 10 6 5 9 5 4 12 6 9 N 4 4 12 5 13 14 12 6 11 5 8 4 5 11 11 4 11 5 6 5 4 5 5 6 4 5 8 6 4 8 6 8 6 11 13 4 9 7 8 N 5 5 N 9 4 8 25 8 5 4 N 11 8 5 5 4 11 14 13 10 13 5 7 9 7 17 4 9 4 4 N 7 15 N 12 4 5 6 9 6 5 9 16 5 N 4 13 7 5 N 4 15 14 10 5 N 11 4 4 4 11 N 11 4 8 6 11 6 11 4 13 5 14 5 5 6 7 13 16 5 N 4 7 5 4 10 4 6 5 4 5 N 15 7 N 7 6 10 7 6 6 9 4 5 12 6 13 4 4 17 12 N 5 9 4 5 6 4 5 N 5 N 5 12 6 4 16 7 4 5 6 6 5 4 17 4 4 5 5 4 4 9 6 N N 5 12 N 5 11 4 5 5 7 N 11 10 6 18 N 7 7 8 5 N 6 7 4 10 12 N N 11 7 5 5 8
