* Kit 1010437 has 838 STRs.
1010437 13 24 14 11 11 14 12 12 12 13 13 29 19 9 9 11 11 25 15 19 28 15 15 17 17 11 11 19 21 16 15 16 17 35 35 12 12 11 9 16 16 8 10 10 8 10 10 12 23 23 13 10 12 12 16 8 13 23 20 13 12 11 13 11 11 13 12 35 15 9 16 12 26 26 19 12 11 14 12 10 9 12 12 10 11 11 30 12 13 24 13 10 10 21 15 19 13 24 16 12 15 24 12 23 18 11 14 17 9 13 11 5 4 4 4 7 5 4 11 11 4 4 5 4 9 4 4 6 6 4 4 5 4 5 5 5 5 4 5 6 5 7 4 5 4 4 5 6 4 4 6 5 4 4 4 6 10 4 4 8 6 5 4 5 8 5 8 5 10 7 7 8 7 5 5 5 12 4 4 8 5 5 7 11 5 11 5 5 5 5 7 6 6 6 7 5 6 15 4 5 4 4 5 5 5 5 5 8 9 6 5 6 6 9 5 4 4 5 5 10 5 5 5 4 5 8 4 4 4 4 8 5 6 6 4 4 4 5 11 4 6 6 6 4 4 4 4 5 6 6 4 9 4 10 13 4 5 5 8 6 11 6 5 11 5 6 6 5 8 4 4 4 6 4 4 5 11 7 5 11 5 5 4 12 8 6 10 7 5 4 4 5 5 8 4 6 7 10 4 6 4 10 11 4 5 12 7 4 5 6 12 6 N 5 4 8 5 5 5 9 12 10 6 6 6 8 4 6 4 7 4 7 5 8 5 6 5 7 4 11 5 6 4 5 7 4 4 4 7 5 4 7 6 5 6 9 5 5 6 8 8 6 6 6 4 4 6 4 10 13 10 6 6 4 6 5 5 5 4 4 5 14 5 14 4 5 8 6 13 10 7 5 5 6 12 4 6 7 6 13 4 5 6 5 5 6 5 5 5 5 8 10 11 4 4 9 11 7 4 11 4 5 9 10 9 11 10 5 4 15 5 10 12 5 4 7 7 13 11 10 4 10 5 4 6 5 4 4 8 4 6 4 7 5 8 5 4 8 14 11 4 7 5 N 8 4 7 5 9 5 6 4 6 11 5 4 6 4 10 6 6 4 11 7 6 11 4 11 11 10 10 5 5 9 4 4 10 10 4 8 5 12 5 11 4 12 4 11 4 5 5 4 5 5 5 11 10 6 5 5 10 4 5 7 4 14 5 4 4 12 4 5 11 4 11 8 6 10 5 9 9 5 7 4 7 6 10 5 13 8 7 4 13 8 4 4 11 4 13 12 9 5 6 N N 4 10 12 7 14 4 6 19 10 4 9 5 7 5 N 5 5 4 4 15 11 6 6 N 6 24 5 5 6 9 7 10 4 4 N 6 10 6 7 5 5 4 10 13 6 5 10 6 5 7 5 4 17 6 9 N 4 4 12 5 16 13 13 6 11 5 8 4 5 10 11 4 11 5 6 5 4 5 5 6 N 5 8 6 4 8 6 7 6 N 14 4 9 7 8 N 5 5 N 11 5 8 26 8 5 4 9 10 8 5 5 4 11 16 13 11 13 N 7 9 8 17 N 9 4 4 8 7 16 11 11 4 5 6 9 6 5 9 14 5 16 4 12 7 5 N 4 18 19 10 5 9 10 4 4 4 10 8 10 4 8 6 N 6 13 4 11 N 13 5 5 6 7 13 N 5 10 4 7 5 4 9 4 6 5 4 5 N 12 7 8 7 6 N N 6 6 9 4 5 13 6 11 4 4 N 10 N 5 N 4 N 6 4 5 4 5 9 5 12 6 4 17 7 4 5 6 6 5 4 N 4 4 N 5 4 4 10 6 11 8 5 14 N 5 11 5 5 5 N 11 11 10 6 17 7 7 7 8 5 9 6 7 4 11 13 9 5 10 7 5 5 8
* Kit 1027791 has 838 STRs.
1027791 13 24 14 11 11 14 12 12 12 13 13 29 18 9 9 11 11 25 15 19 29 15 15 17 17 11 11 19 23 16 15 16 18 35 35 12 12 11 9 16 16 8 10 10 8 10 10 12 23 23 13 10 12 12 16 8 12 23 20 13 12 11 13 11 11 13 12 37 15 9 16 12 26 26 19 12 11 15 12 10 9 12 12 10 11 11 30 12 13 24 13 10 10 21 15 19 14 24 16 12 15 24 12 23 18 11 14 17 9 13 11 5 4 4 4 7 5 4 11 11 4 4 5 4 9 4 4 6 6 4 4 5 4 5 5 5 5 4 5 6 5 7 4 5 4 4 5 6 4 4 6 5 4 4 4 6 10 4 4 8 6 5 4 5 8 5 8 5 10 7 7 8 7 5 5 5 12 4 4 8 5 5 7 11 5 11 5 5 5 5 7 6 6 6 7 5 6 14 4 5 4 4 5 5 5 5 5 8 9 6 5 6 6 9 5 4 4 5 5 10 5 5 5 4 5 8 4 4 4 4 8 5 6 6 4 4 4 5 11 4 6 6 6 4 4 4 4 5 6 6 4 9 4 10 12 4 5 5 8 6 11 6 5 11 5 6 6 5 8 4 4 4 6 4 4 5 11 7 5 11 5 5 4 13 8 6 10 7 5 4 4 5 5 8 4 6 7 10 4 6 4 10 12 4 5 12 7 4 5 6 12 6 N 5 4 8 5 5 5 9 13 10 6 6 6 8 4 6 4 7 4 7 5 8 5 6 5 7 4 11 5 6 4 5 7 4 4 4 7 5 4 7 6 5 6 9 5 5 6 8 8 6 6 6 4 4 6 4 10 13 10 6 6 4 6 5 5 5 4 4 5 14 5 14 4 5 8 6 13 10 7 5 5 6 12 4 N 7 6 13 4 5 6 5 5 6 5 5 5 5 8 10 11 4 4 9 11 7 4 11 4 5 9 10 9 11 10 5 N 15 5 10 N 5 4 7 7 13 11 10 4 10 5 4 6 5 4 4 8 4 6 4 7 5 8 5 4 8 14 11 4 7 5 8 8 4 7 5 9 5 6 N 6 11 5 4 6 4 10 6 6 4 11 7 6 11 4 11 11 10 10 5 N 9 4 4 10 10 4 8 N 12 5 11 4 12 4 11 4 5 5 4 5 5 5 N 10 6 5 5 10 4 5 7 4 14 5 4 4 12 4 5 11 4 11 8 6 10 5 9 9 N 7 4 N 6 10 5 13 8 7 4 13 8 4 4 11 4 13 12 9 N 6 4 N 4 10 12 7 14 4 6 N N 4 9 5 7 5 N 5 5 N 4 N 11 6 6 4 6 N 5 5 6 9 7 10 4 4 N 6 10 6 7 5 5 4 10 N 6 5 10 6 5 7 5 4 N 6 9 N 4 4 12 5 16 13 13 6 11 5 8 4 5 10 N 4 11 5 6 5 4 5 5 6 N 5 8 6 4 N 6 7 N N 14 4 9 N 8 N 5 5 N N 5 8 27 8 5 4 9 10 8 5 5 4 N 16 13 11 13 N 7 9 8 N 4 9 N 4 N 7 N 11 12 N 5 6 9 6 5 9 N 5 16 4 N 7 5 8 4 N N 10 5 9 10 4 N 4 10 8 10 4 8 6 N 6 N 4 11 5 13 N 5 6 7 13 14 5 N 4 7 5 N 9 N 6 5 4 5 4 12 7 N 7 6 11 N 6 6 N 4 5 13 6 11 4 4 N 10 N 5 10 4 N 6 4 5 4 5 9 5 12 6 N N 7 4 5 6 6 5 4 N 4 4 N 5 N 4 10 6 11 8 5 N N 5 11 5 5 N 7 N 10 10 6 N 7 N 7 8 5 N 6 7 4 11 13 N 5 10 7 N 5 8
* Kit 1031913 has 838 STRs.
1031913 13 24 14 11 11 14 12 12 12 13 13 29 19 9 9 11 11 25 15 19 28 15 15 17 17 11 11 19 23 16 15 16 18 35 35 12 12 11 9 16 16 8 10 10 8 10 11 12 23 23 13 10 12 12 16 8 13 23 20 13 12 11 13 11 11 13 12 36 15 9 16 12 26 26 19 12 11 15 12 10 9 12 12 10 11 11 30 12 13 24 13 10 10 21 15 19 12 24 16 12 15 24 12 23 18 11 14 17 9 13 11 5 4 4 4 7 5 4 11 11 4 4 5 4 9 4 4 6 6 4 4 5 4 5 5 5 5 4 5 6 5 7 4 5 4 4 5 6 4 4 6 5 4 4 4 6 10 4 4 8 6 5 4 5 8 5 8 5 10 7 7 8 7 5 5 5 12 4 4 8 5 5 7 11 5 11 5 5 5 5 7 6 6 6 7 5 6 15 4 5 4 4 5 5 5 5 5 8 9 6 5 6 6 9 5 4 4 5 5 10 5 5 5 4 5 8 4 4 4 4 8 5 6 6 4 4 4 5 11 4 6 6 6 4 4 4 4 5 6 6 4 9 4 10 13 4 5 5 8 6 11 6 5 11 5 6 6 5 8 4 4 4 6 4 4 5 11 7 5 11 5 5 4 12 8 6 10 7 5 4 4 5 5 8 4 6 7 10 4 6 4 10 12 4 5 12 7 4 5 6 12 6 N 5 4 8 5 5 5 9 13 10 6 6 6 8 4 6 4 7 4 7 5 8 5 6 N 7 4 11 5 6 4 5 7 4 4 4 7 5 4 7 6 5 6 9 5 5 6 8 8 6 6 6 4 4 6 4 10 13 10 6 6 4 6 5 5 5 4 4 5 13 5 14 4 5 8 N 13 10 7 5 5 6 12 4 6 7 6 N 4 5 N 5 5 6 5 5 N 5 8 10 11 4 4 9 11 7 4 11 4 N 9 10 9 11 10 5 N 15 5 10 N 5 4 7 7 13 11 10 N 10 5 4 6 5 4 4 8 4 6 4 7 5 8 5 4 8 14 11 4 7 5 N 8 4 7 N 9 5 6 N 6 11 5 4 6 4 10 6 N 4 11 7 6 11 4 11 11 N 10 5 5 9 4 4 10 10 4 8 5 12 5 N 4 12 4 11 N 5 5 4 5 5 5 11 10 6 5 5 10 4 5 7 4 14 5 4 4 12 4 5 11 4 11 8 6 10 5 9 9 N 7 4 N N 10 5 13 8 7 4 13 8 4 4 11 4 13 12 9 5 N 4 N 4 10 12 7 14 N 6 N 10 4 9 5 7 5 N N 5 4 4 N 11 6 6 4 6 N 5 5 6 9 7 10 4 4 N 6 10 6 7 5 5 4 10 N 6 5 10 6 5 7 5 N N N 9 N N 4 N 5 16 13 N 6 11 5 8 4 5 10 11 4 11 5 6 5 N 5 5 6 N N 8 6 4 8 N 7 N 11 N 4 9 N 8 N N 5 N 11 5 8 26 8 N 4 9 10 8 5 5 4 N N 13 11 13 5 7 9 8 N N 9 N 4 N 7 N 11 N 4 5 6 9 6 5 9 14 5 N 4 12 7 5 8 4 N N 10 5 9 10 4 4 4 10 8 10 4 8 6 N 6 13 4 11 N 13 N 5 6 7 N N 5 10 N 7 5 N 9 N 6 5 4 5 4 N 7 N 7 6 11 N 6 6 9 4 5 13 N 11 N 4 N 10 N 5 N 4 N N 4 5 N 5 N N 12 6 N N N 4 5 6 6 5 4 N 4 4 N 5 4 4 N 6 11 N 5 14 4 5 11 5 5 N 7 N N 10 6 N 7 N 7 8 5 N 6 7 N 11 13 N 5 10 7 N 5 8
* Kit 127866 has 838 STRs.
127866 13 24 14 11 11 14 12 12 12 13 13 29 18 9 9 11 11 25 15 19 29 15 15 17 17 11 11 19 23 16 15 16 18 35 35 12 12 11 9 16 16 8 10 10 8 10 10 12 23 23 13 10 12 12 16 8 12 23 20 13 12 11 13 10 11 13 12 36 15 9 16 12 26 26 19 12 11 15 12 10 9 12 12 10 11 11 30 12 13 24 13 10 10 21 15 19 13 24 16 12 15 24 12 23 18 11 14 17 9 13 11 5 4 4 4 7 5 4 11 11 4 4 5 4 9 4 4 N 6 4 4 5 4 5 5 5 5 4 5 6 5 7 4 5 4 4 5 6 4 4 6 5 4 4 4 6 10 4 4 8 6 5 4 5 8 5 8 5 10 7 7 8 7 5 5 5 12 4 4 8 5 5 7 11 5 11 5 5 5 5 7 6 6 6 7 5 6 15 4 5 4 4 5 5 5 5 5 8 9 6 5 6 6 9 5 4 4 5 5 10 5 5 5 4 5 8 4 4 4 4 8 5 6 6 4 4 4 5 11 4 6 6 6 4 4 4 4 5 6 6 4 9 4 10 12 4 5 5 8 6 11 6 5 11 5 6 6 5 8 4 4 4 6 4 4 5 11 7 5 11 5 5 4 13 8 6 10 7 5 4 4 5 5 8 4 6 7 10 4 6 4 10 12 4 5 12 7 4 5 6 12 6 N 5 4 8 5 5 5 9 13 10 6 6 6 8 4 6 4 7 4 7 5 8 5 6 5 7 4 11 5 6 4 5 7 4 4 4 7 5 4 7 6 5 6 9 5 5 6 8 8 6 6 6 4 4 6 4 10 13 10 6 6 4 6 5 5 5 4 4 5 15 5 14 4 5 8 6 13 10 7 5 5 6 12 4 6 7 6 13 4 5 6 5 5 6 5 5 5 5 8 10 11 4 4 9 11 7 4 11 4 5 9 10 9 11 10 5 4 15 5 10 12 5 4 7 7 13 11 10 4 10 5 4 6 5 4 4 8 4 6 4 7 5 8 5 4 8 14 11 4 7 5 8 8 4 7 5 9 5 6 4 6 11 5 4 6 4 10 6 6 4 11 7 6 11 4 11 11 10 10 5 N 9 4 4 10 10 4 N 5 12 5 11 4 12 4 11 4 5 5 4 5 5 5 11 10 6 5 5 10 4 5 7 4 14 5 4 4 12 4 5 11 4 11 8 6 10 5 9 9 5 7 4 N 6 10 5 13 8 7 4 13 8 4 4 11 4 13 12 9 5 6 4 N 4 10 12 7 14 4 6 19 10 4 9 5 7 5 N 5 5 4 4 N 11 6 6 4 6 24 5 5 6 9 7 10 N 4 N 6 10 6 7 5 5 4 10 N 6 5 10 6 5 7 5 4 N 6 9 N 4 4 12 5 16 13 N 6 11 5 8 4 5 10 11 4 N 5 6 5 4 5 5 6 4 5 8 6 4 8 6 7 6 11 15 4 9 7 8 N 5 5 N 11 5 8 27 9 5 4 9 10 8 5 5 4 11 16 13 11 13 5 7 9 8 N N 9 N 4 N 7 16 11 11 4 5 6 9 6 5 9 N 5 16 4 12 7 5 N 4 18 N 10 5 9 10 4 4 4 10 8 10 4 8 6 13 6 N 4 N N 13 5 5 6 7 N 14 5 N 4 7 5 N 9 N 6 5 4 5 N N 7 8 7 6 11 7 6 6 9 4 5 13 6 11 4 4 N 10 N 5 N 4 N 6 4 5 N 5 9 5 12 6 4 N 7 4 5 6 6 5 4 N 4 4 N 5 N N 10 6 11 8 5 14 4 5 11 5 5 5 7 11 10 10 6 N 7 7 7 8 5 N 6 7 4 11 13 N 5 10 7 N 5 8
* Kit 133480 has 838 STRs.
133480 13 24 14 11 11 14 12 12 12 13 13 29 19 9 9 11 11 25 15 19 28 15 15 17 17 11 11 19 23 16 15 16 18 35 35 12 12 11 9 16 16 8 10 10 8 10 10 12 23 23 13 10 12 12 16 8 13 23 20 13 12 11 13 11 11 13 12 36 15 9 16 12 26 26 19 12 11 14 12 10 9 12 12 10 11 11 30 12 13 24 13 10 10 20 15 19 13 24 16 12 15 24 12 23 18 11 14 17 9 13 11 5 4 4 4 7 5 4 11 11 4 4 5 4 9 4 4 6 6 4 4 5 4 5 5 5 5 4 5 6 5 7 4 5 4 4 5 6 4 4 6 5 4 4 4 6 10 4 4 8 6 5 4 5 8 5 8 5 10 7 7 8 7 5 5 5 12 4 4 8 5 5 7 11 5 11 5 5 5 5 7 6 6 6 7 5 6 15 4 5 4 4 5 5 5 5 5 8 9 6 5 6 6 9 5 4 4 5 5 10 5 5 5 4 5 8 4 4 4 4 8 5 6 6 4 4 4 5 11 4 6 6 6 4 4 4 4 5 6 6 4 9 4 10 13 4 5 5 8 6 11 6 5 11 5 6 6 5 8 4 4 4 6 4 4 5 11 7 5 10 5 5 4 12 8 6 10 7 5 4 4 5 5 8 4 6 7 10 4 6 4 10 12 4 5 12 7 4 5 6 12 6 N 5 4 8 5 5 5 9 13 10 6 6 6 8 4 6 4 7 4 7 5 8 5 6 5 7 4 11 5 6 4 5 7 4 4 4 7 5 4 7 6 5 6 9 5 5 6 8 8 6 6 6 4 4 N 4 10 13 10 6 6 4 6 5 5 5 4 4 5 14 5 14 4 5 8 6 13 10 7 5 N 6 12 4 6 7 6 13 4 5 6 5 5 6 5 5 5 5 8 10 11 4 4 9 11 7 4 11 4 5 9 10 9 11 10 5 N 15 5 10 12 5 4 7 7 13 11 10 4 10 5 4 6 5 4 4 8 4 6 4 7 5 8 5 4 8 14 11 4 7 5 8 8 4 7 5 9 5 6 4 6 11 5 4 6 4 10 6 6 4 11 7 6 11 4 11 11 10 10 5 5 9 4 4 10 10 4 8 5 12 5 11 4 12 4 11 4 5 5 4 5 5 5 11 10 6 5 5 10 4 5 7 4 N 5 4 N 12 4 5 11 4 11 8 6 10 5 9 9 5 7 4 N 6 10 5 13 8 7 4 13 N 4 4 11 4 13 12 9 5 6 4 8 4 10 12 7 14 4 6 19 N 4 9 5 7 5 N 5 5 4 4 15 11 6 6 N 6 24 5 5 6 9 7 N 4 4 18 6 10 6 7 5 5 4 10 13 6 5 10 6 5 7 5 4 17 6 9 N 4 4 12 5 16 13 14 6 11 5 8 4 5 10 11 4 11 5 6 5 4 5 5 6 N 5 8 6 4 8 6 7 6 11 14 4 9 7 8 N 5 5 N 11 5 8 26 8 5 4 9 10 8 5 5 4 11 16 13 11 13 5 7 9 8 17 4 9 4 4 8 7 16 11 11 4 5 6 9 6 5 9 15 5 N 4 12 7 5 N 4 18 N 10 5 9 10 4 4 4 10 8 10 4 8 6 13 6 13 4 11 5 13 5 5 6 7 N N 5 N 4 7 5 N 9 4 6 5 4 5 N N 7 8 7 6 N N 6 6 9 4 5 13 6 11 4 4 16 10 N 5 N 4 N 6 4 5 N 5 N 5 12 6 4 17 7 4 5 6 6 5 4 22 4 4 5 5 4 4 10 6 N 8 5 14 N 5 11 5 5 5 7 N 10 10 6 17 7 7 7 8 5 N 6 7 4 11 13 9 5 10 7 5 5 8
* Kit 136130 has 37 STRs.
136130 13 24 14 11 11 14 12 12 12 13 13 29 19 9 9 11 11 25 15 19 28 15 15 17 17 11 11 19 23 16 15 16 19 35 35 12 12
* Kit 137035 has 67 STRs.
137035 13 24 14 11 11 14 12 12 12 13 13 29 19 9 9 11 11 25 15 19 28 15 15 17 17 11 11 19 23 16 15 16 18 35 35 12 12 11 9 16 16 8 10 10 8 10 10 12 23 23 13 10 12 12 16 8 12 23 20 13 12 11 13 11 11 13 12
* Kit 160799 has 838 STRs.
160799 13 24 14 11 11 15 12 12 12 13 13 29 18 9 9 11 11 25 15 20 28 15 15 17 17 11 11 19 23 16 15 16 17 35 35 12 12 11 9 16 16 8 10 10 8 10 10 12 23 23 13 10 12 12 16 8 13 23 20 13 12 11 13 11 11 13 12 35 15 9 16 12 26 26 19 12 11 14 12 10 9 12 12 10 11 11 30 12 12 24 13 10 10 21 15 19 13 24 16 12 15 24 12 23 18 11 14 17 9 13 11 5 4 4 4 7 5 4 11 11 4 4 5 4 9 4 4 6 6 4 4 5 4 5 5 5 5 4 5 6 5 7 4 5 4 4 5 6 4 4 6 5 4 4 4 6 10 4 4 8 6 5 4 5 8 5 8 5 10 7 7 8 7 5 5 5 12 4 4 8 5 5 7 11 5 11 5 5 5 5 7 6 6 6 7 5 6 15 4 5 4 4 5 5 N 5 5 8 9 6 5 6 6 9 5 4 4 5 5 10 5 5 5 4 5 8 4 4 4 4 8 5 6 6 4 4 4 5 11 4 6 6 6 4 4 4 4 5 6 6 4 9 4 10 13 4 5 5 8 6 11 6 5 11 5 6 6 5 8 4 4 4 6 4 4 5 11 7 5 11 5 5 4 12 8 6 10 7 5 4 4 5 5 8 4 6 7 10 4 6 4 10 12 4 5 12 7 4 5 6 12 6 N 5 4 8 5 5 5 9 13 10 6 6 6 8 4 6 4 7 4 7 5 8 5 6 5 7 4 11 5 6 4 5 7 4 4 4 7 5 4 7 6 5 6 9 5 5 6 8 8 6 6 6 4 4 6 4 10 N 10 6 6 4 6 5 5 5 4 4 5 14 5 14 4 5 8 6 13 10 7 5 5 6 12 4 6 7 6 13 4 5 6 5 5 6 5 5 5 5 8 10 11 4 4 9 11 7 4 11 4 5 9 10 9 11 10 5 N 15 5 10 12 5 4 7 7 13 11 10 4 10 5 4 6 5 4 4 8 4 6 4 7 5 8 5 4 8 14 11 4 7 5 8 8 4 7 5 9 5 6 4 6 11 5 4 6 4 10 6 6 4 11 7 6 11 4 11 11 10 10 5 5 9 4 4 10 10 4 8 5 12 5 11 4 12 4 11 4 5 5 4 5 5 5 11 10 6 5 5 10 4 5 7 4 14 5 4 4 12 4 5 11 4 11 8 6 10 5 9 9 5 7 4 7 6 10 5 13 8 7 4 13 8 4 4 11 4 13 12 9 5 6 4 8 4 10 12 7 14 4 6 19 N 4 9 5 7 5 N 5 5 4 4 N 11 6 6 4 6 24 5 5 6 9 7 10 4 4 18 6 N 6 7 5 5 4 10 13 6 5 10 6 5 7 5 4 17 6 9 N 4 4 12 5 16 13 13 6 11 5 8 4 5 10 11 4 11 5 6 5 4 5 5 6 N 5 8 6 4 8 6 7 6 N 14 4 9 7 8 N 5 5 8 11 5 8 N 8 5 4 9 10 8 5 5 4 11 16 13 11 13 N 7 9 8 17 4 9 N 4 8 7 16 11 11 4 5 6 9 6 5 9 14 5 N 4 12 7 5 N 4 18 19 10 5 9 10 4 4 4 10 8 10 4 8 6 13 6 13 4 11 5 13 5 5 6 7 N 14 5 10 4 7 5 4 9 4 6 5 4 5 4 N 7 N 7 6 11 N 6 6 9 4 5 13 6 11 N 4 N 10 N 5 10 4 N 6 4 5 N 5 N 5 12 6 4 N 7 4 5 6 6 5 4 22 4 4 5 5 4 4 10 6 11 8 N 14 N 5 11 5 5 5 N N N 10 6 17 7 7 7 8 5 N 6 7 4 11 13 9 N N 7 5 5 8
* Kit 164258 has 37 STRs.
164258 13 24 14 11 11 14 12 12 12 13 13 29 19 9 9 11 11 25 15 19 28 15 15 17 17 11 11 19 23 16 15 16 18 35 35 12 12
* Kit 212614 has 838 STRs.
212614 13 24 14 11 11 13 12 12 12 13 13 29 19 9 9 11 11 25 15 19 28 15 15 17 17 11 11 19 23 16 15 16 16 35 35 12 12 12 9 15 16 8 10 10 8 10 10 12 23 23 13 10 12 12 17 8 13 23 20 13 12 11 13 11 11 13 12 36 15 9 16 12 26 26 19 12 11 15 12 11 9 12 12 10 11 11 30 12 13 24 13 10 10 21 15 19 12 24 16 12 15 24 12 23 18 11 14 17 9 13 11 5 4 4 4 7 5 4 11 11 4 4 5 4 9 4 4 6 6 4 4 5 4 5 5 5 5 4 5 6 5 7 4 5 4 4 5 6 4 4 6 5 4 4 4 6 10 4 4 8 6 5 4 5 8 5 8 5 10 7 7 8 7 5 5 5 12 4 4 8 5 5 7 11 5 11 5 5 5 5 7 6 6 6 7 5 6 N 4 5 4 4 5 5 5 5 5 8 9 6 5 6 6 9 5 4 4 5 5 10 5 5 5 4 5 8 4 4 4 4 8 5 6 6 4 4 4 5 11 4 6 6 6 4 4 4 4 5 6 6 4 9 4 10 13 4 5 5 8 6 11 6 5 11 5 6 6 5 8 4 4 4 6 4 4 5 11 7 5 11 5 5 4 12 8 6 10 7 5 4 4 5 5 8 4 6 7 10 4 6 4 10 12 4 5 12 7 4 5 6 12 6 8 5 4 8 5 5 5 9 13 10 6 6 6 8 4 6 4 7 4 7 5 8 5 6 5 7 4 11 5 6 4 5 7 4 4 4 7 5 4 7 6 5 6 9 5 5 6 8 8 6 6 6 4 4 6 4 10 13 10 6 6 4 6 5 5 5 4 4 5 14 5 14 4 5 8 6 13 10 7 5 5 6 12 4 6 7 6 13 4 5 6 5 5 6 5 5 5 5 8 10 11 4 4 9 11 7 4 11 4 5 9 10 9 11 10 5 4 15 5 10 12 5 4 7 7 13 11 10 4 10 5 4 6 5 4 4 8 4 6 4 7 5 8 5 4 8 14 11 4 7 5 8 8 4 7 5 9 5 6 4 6 11 5 4 6 4 10 6 6 4 11 7 6 11 4 11 11 N 10 5 5 9 4 4 10 10 4 8 5 12 5 11 4 12 4 11 4 5 5 4 5 5 5 11 10 6 5 5 10 4 5 7 4 14 5 4 4 12 4 5 11 4 11 8 6 10 5 9 9 5 7 4 7 6 11 5 13 8 7 4 13 8 4 4 11 4 13 12 9 5 6 4 16 4 10 12 7 14 4 6 19 10 4 9 5 7 5 N 5 5 4 4 15 11 6 6 N 6 24 5 5 6 9 7 10 4 4 N 6 10 6 7 5 5 4 10 13 6 5 10 6 5 7 5 4 17 6 9 N 4 4 12 5 16 13 13 6 11 5 8 4 5 10 11 4 11 5 6 5 4 5 5 6 N 5 8 6 4 8 6 7 6 11 14 4 9 7 8 N 5 5 N 11 5 8 26 8 5 4 9 10 8 5 5 4 11 16 13 11 13 5 7 9 8 17 4 9 4 4 8 7 16 11 11 N 5 6 9 6 5 9 14 5 16 4 12 7 5 N 4 18 19 10 5 9 10 4 4 4 10 8 10 4 8 6 13 6 N 4 11 N 13 5 5 6 7 N N 5 N 4 7 5 N 9 4 6 5 4 5 N 12 7 8 7 6 N N 6 6 9 4 5 13 6 11 4 4 N 10 N 5 10 4 N N 4 5 N 5 9 5 12 6 4 17 7 4 5 6 6 5 4 22 4 4 5 5 4 4 N 6 11 8 5 14 4 5 11 5 5 5 7 N 10 10 6 17 7 7 7 8 5 9 6 7 4 11 13 N 5 10 7 5 5 8
* Kit 225476 has 838 STRs.
225476 13 24 14 11 11 14 12 12 12 13 13 29 19 9 9 11 11 25 15 19 28 15 15 17 17 11 11 19 23 16 15 16 18 35 35 12 12 11 9 16 16 8 10 10 8 10 10 12 23 23 13 10 12 12 18 8 13 23 20 13 12 11 13 11 11 13 12 36 15 9 16 12 27 26 19 12 11 15 12 10 9 12 12 10 11 11 30 12 13 24 13 10 10 23 15 19 13 24 16 12 15 25 12 23 18 11 14 17 9 13 11 5 4 4 4 7 5 4 11 11 4 4 5 4 9 4 4 6 6 4 4 5 4 5 5 5 5 4 5 6 5 7 4 5 4 4 5 6 4 4 6 5 4 4 4 6 10 4 4 8 6 5 4 5 8 5 8 5 10 7 7 8 7 5 5 5 12 4 4 8 5 5 7 11 5 11 5 5 5 5 7 6 6 N 7 5 6 15 4 5 4 4 5 5 5 5 5 8 9 6 5 6 6 9 5 4 4 5 5 10 5 5 5 4 5 8 4 4 4 4 N 5 6 6 4 4 4 5 11 4 6 6 6 4 4 4 4 5 N 6 4 9 4 N 13 4 5 5 8 6 11 6 5 11 5 6 6 5 8 4 4 4 6 4 4 5 11 N 5 11 5 5 4 12 8 6 10 8 5 4 4 5 5 8 4 6 7 10 4 6 4 10 11 4 N N 7 4 5 6 12 6 N 5 4 8 N 5 5 9 13 10 6 6 6 8 4 6 4 7 4 7 N 8 5 6 5 7 4 11 5 6 4 5 7 4 4 4 7 5 4 7 6 5 6 9 5 5 6 8 N 6 6 6 4 4 6 4 10 13 10 6 6 4 N 5 5 5 4 4 5 14 5 N 4 5 8 6 13 10 7 5 5 6 N 4 6 7 N 13 4 5 6 5 5 N 5 N 5 5 8 N 11 4 4 N 11 7 4 N 4 5 9 10 9 N 10 5 N 15 5 10 12 5 4 7 7 13 11 10 4 10 5 4 6 5 4 4 8 4 6 4 7 N 8 5 N 8 14 11 4 7 5 8 N 4 7 5 9 5 6 4 6 N 5 4 N N N N N 4 12 7 6 11 N N N 10 10 5 N N 4 4 N 10 4 8 5 N 5 N 4 12 4 N 4 5 5 4 5 5 5 11 10 6 5 5 10 4 5 7 4 14 5 4 4 N 4 5 11 4 11 8 N 10 5 9 9 5 7 4 7 6 10 5 N 8 7 4 N 8 4 4 11 4 N 12 N 5 6 4 N 4 10 N 7 N 4 6 19 10 4 9 5 7 5 N 5 5 N 4 15 N 6 6 4 6 24 5 5 6 9 7 10 4 4 N 6 10 6 7 5 5 4 10 13 6 5 10 6 5 7 5 4 16 6 N 6 4 4 12 5 16 13 13 N 11 5 8 4 5 10 11 4 11 5 N 5 4 5 5 6 4 5 N N 4 8 6 7 6 11 13 4 N 7 8 N N 5 N 11 5 8 26 N 5 4 N N N 5 5 4 11 16 13 N N N 7 9 8 N 4 9 N 4 8 7 N 11 N 4 5 6 9 6 5 9 14 5 N 4 N 7 5 N 4 18 N 10 5 9 10 4 4 N N 8 10 4 N 6 13 6 13 4 11 5 13 N 5 6 7 13 14 5 N 4 7 5 4 9 N 6 5 4 5 4 N N 8 N 6 N N 6 6 9 4 N 13 6 11 4 4 N N N N 10 4 5 6 4 5 N 5 9 5 12 6 4 N 7 4 5 6 6 5 4 N 4 4 5 5 4 4 10 6 N 8 5 14 4 5 N 5 5 5 7 11 10 10 N 15 7 7 7 N 5 9 6 7 4 N N N 5 10 7 5 5 8
* Kit 22654 has 838 STRs.
22654 13 24 14 11 11 14 12 12 12 13 13 29 19 9 9 11 11 25 15 19 28 15 15 17 17 11 11 19 23 16 15 16 19 35 35 12 12 11 9 16 16 8 10 10 8 10 10 12 23 23 13 10 12 12 16 8 13 23 20 13 12 11 13 11 11 13 12 36 15 9 16 12 26 26 19 12 11 15 12 10 9 12 12 10 11 11 30 12 13 24 13 10 10 21 15 19 13 24 16 12 15 24 12 23 18 11 14 17 9 13 11 5 4 4 4 7 5 4 11 11 4 4 5 4 9 4 4 6 6 4 4 5 4 5 5 5 5 4 5 6 5 7 4 5 4 4 5 6 4 4 6 5 4 4 4 6 10 4 4 8 6 5 4 5 8 5 8 5 10 7 7 8 7 5 5 5 12 4 4 8 5 5 7 11 5 11 5 5 5 5 7 6 6 6 7 5 6 15 4 5 4 4 5 5 5 5 5 8 9 6 5 6 6 9 5 4 4 5 5 10 5 5 5 4 5 8 4 4 4 4 8 5 6 6 4 4 4 5 11 4 6 6 6 4 4 4 4 5 6 6 4 9 4 10 13 4 5 5 8 6 11 6 5 11 5 6 6 5 8 4 4 4 6 4 4 5 11 7 5 11 5 5 4 12 8 6 10 7 5 4 4 5 5 8 4 6 7 10 4 6 4 10 12 4 5 12 7 4 5 6 12 6 8 5 4 8 5 5 5 9 13 10 6 6 6 8 4 6 4 7 4 7 5 8 5 6 5 7 4 11 5 6 4 5 7 4 4 4 7 5 4 7 6 5 6 9 5 5 6 8 8 6 6 6 4 4 6 4 10 13 10 6 6 4 6 5 5 5 4 4 5 14 5 14 4 5 8 6 13 10 7 5 5 6 12 4 6 7 6 13 4 5 6 5 5 6 5 5 5 5 8 10 11 4 4 9 11 7 4 11 4 5 9 10 9 N 10 5 4 15 5 10 12 5 4 7 7 13 11 10 4 10 5 4 6 5 4 4 8 4 6 4 7 5 8 5 4 8 14 11 4 7 5 8 8 4 7 5 9 5 6 4 6 11 5 4 6 4 N 6 6 4 11 7 6 11 4 11 11 10 10 5 5 9 4 4 10 10 4 8 5 12 5 11 4 12 4 N 4 5 5 4 5 5 5 11 10 6 5 5 10 4 5 7 4 14 5 4 4 12 4 5 11 4 11 8 6 10 5 9 9 5 7 4 7 6 10 5 13 8 7 4 13 8 4 4 11 4 N 12 N 5 6 4 N 4 10 12 7 N 4 6 19 10 4 9 5 N 5 4 5 5 4 4 15 11 6 6 N N 24 5 5 6 9 7 N 4 4 N 6 10 6 7 5 5 4 10 13 6 5 10 6 5 7 5 4 17 6 11 6 4 4 12 5 16 13 13 N 11 5 8 4 5 10 11 4 11 5 N 5 4 5 5 6 N 5 8 N 4 8 6 7 N 11 14 4 9 7 8 N 5 5 8 11 5 8 26 8 N 4 9 N 8 5 5 4 N 16 13 N 13 N 7 N 8 17 N 9 4 4 8 7 16 11 11 4 5 6 9 6 5 9 14 5 16 4 12 7 5 N 4 18 N 10 5 9 10 4 4 4 10 8 10 4 8 6 13 6 13 4 11 5 N 5 5 6 7 13 N 5 N 4 7 N N 9 N 6 5 4 5 4 12 7 N 7 6 N N 6 6 9 4 5 13 6 11 4 4 16 N N 5 10 4 5 N N 5 4 5 9 5 12 6 N 17 7 4 5 6 6 5 4 21 4 4 5 5 4 4 10 6 11 8 5 14 N N 11 5 5 5 N 11 N 10 6 15 7 7 7 8 5 N 6 7 4 11 13 9 5 10 7 N 5 8
* Kit 286058 has 838 STRs.
286058 13 24 14 11 11 14 12 12 12 13 13 29 19 9 9 11 11 25 15 19 28 15 15 17 17 11 11 19 23 16 15 16 18 35 35 12 12 11 9 16 16 8 10 10 8 10 10 12 23 23 13 10 12 12 16 8 13 23 20 13 12 11 13 11 11 13 12 36 15 9 16 12 26 26 19 12 11 15 12 10 9 12 12 10 11 11 30 12 13 24 13 10 10 21 15 19 13 24 16 12 15 24 12 23 18 11 14 17 9 13 11 5 4 4 4 7 5 4 11 11 4 4 5 4 9 4 4 6 6 4 4 5 4 5 5 5 5 4 5 6 5 7 4 5 4 4 5 6 4 4 6 5 4 4 4 6 10 4 4 8 6 5 4 5 8 5 8 5 10 7 7 8 7 5 5 5 12 4 4 8 5 5 7 11 5 11 5 5 5 5 7 6 6 6 7 5 6 15 4 5 4 4 5 5 5 5 5 8 9 6 5 6 6 9 5 4 4 5 5 10 5 5 5 4 5 8 4 4 4 4 8 5 6 6 4 4 4 5 11 4 6 6 6 4 4 4 4 5 6 6 4 9 4 10 13 4 5 5 8 N 11 6 5 12 5 6 6 5 8 4 4 4 6 4 4 5 11 7 5 11 5 5 4 12 8 6 10 7 5 4 4 5 5 8 4 6 7 10 4 6 4 10 12 4 5 12 7 4 5 6 12 6 N 5 4 8 5 5 5 9 13 10 6 6 6 8 4 6 4 7 4 7 5 8 5 6 5 7 4 11 5 6 4 5 7 4 N 4 7 5 4 7 6 5 6 9 5 5 6 8 8 6 6 6 4 4 6 4 10 13 10 6 6 4 6 5 5 5 4 4 5 14 5 14 4 5 8 6 13 N 7 5 5 6 12 4 6 7 6 13 4 5 6 5 5 N 5 5 5 5 8 10 11 4 4 9 11 7 4 11 4 5 9 10 9 11 10 5 4 15 5 10 12 5 4 7 7 13 11 10 4 10 5 4 6 5 4 4 8 4 6 4 7 5 8 5 4 8 14 11 4 7 5 8 8 4 7 5 9 5 6 4 6 11 5 4 6 4 10 6 6 4 11 7 6 11 4 11 11 N 10 5 5 9 4 4 10 10 4 8 5 12 5 11 4 12 N 11 4 5 5 4 5 5 5 11 10 6 5 5 10 4 5 7 4 14 5 4 4 12 4 5 11 4 11 8 6 10 5 9 9 5 7 4 N N 10 5 13 8 7 4 13 8 4 4 11 4 13 12 9 N 6 4 N 4 10 12 7 14 4 6 19 10 N 9 5 7 5 4 5 5 4 4 N 11 6 6 4 6 24 5 5 6 9 7 N 4 4 18 N 10 6 7 N 5 4 10 13 6 5 10 6 5 7 5 4 17 6 9 N 4 4 N 5 N 13 13 6 11 5 8 4 N 10 11 4 N 5 6 5 4 5 5 6 N N 8 6 4 8 6 N 6 11 14 4 9 7 8 N 5 5 8 N 5 8 26 8 5 4 9 10 8 5 5 4 11 16 13 11 13 5 N 9 8 N 4 9 4 4 N 7 16 11 11 4 5 6 9 6 5 9 14 5 N 4 N 7 5 N 4 18 N 10 5 9 10 4 4 4 10 8 10 4 8 6 13 6 13 4 11 N 13 5 5 6 7 13 14 5 N 4 7 5 N 9 4 6 5 4 5 4 N 7 N 7 6 N N 6 6 N 4 5 13 6 11 4 4 16 10 N 5 10 4 N 6 4 5 N 5 9 N 12 6 4 17 7 4 5 6 6 5 4 22 4 4 5 5 4 N 10 6 N 8 N 14 N 5 11 5 5 5 N N 10 10 6 N 7 N 7 8 5 N 6 7 4 11 13 9 5 10 7 N 5 8
* Kit 317323 has 67 STRs.
317323 13 24 14 11 11 14 12 12 12 13 13 29 18 9 9 11 11 25 15 19 29 15 15 17 17 11 11 19 23 16 15 16 19 35 35 12 12 11 9 16 16 8 10 10 8 10 10 12 23 23 13 10 12 12 16 8 12 23 20 13 12 11 13 11 11 13 12
* Kit 324852 has 37 STRs.
324852 13 24 14 11 11 14 12 12 12 13 13 29 19 9 9 11 11 25 15 19 28 15 15 17 17 11 11 19 23 16 15 16 18 35 35 12 12
* Kit 382266 has 37 STRs.
382266 13 24 14 11 11 15 12 12 12 13 13 29 18 9 9 11 11 25 15 19 28 15 15 17 17 11 11 19 23 16 15 16 17 35 35 12 12
* Kit 388916 has 37 STRs.
388916 13 24 14 11 11 14 12 12 12 13 13 29 19 9 9 11 11 25 15 19 28 15 15 17 17 11 11 19 21 16 15 16 17 35 35 12 12
* Kit 458001 has 838 STRs.
458001 13 24 14 11 11 14 12 12 12 13 13 29 18 9 9 11 11 25 15 19 28 15 15 17 17 11 11 19 23 16 15 16 17 35 35 12 12 11 9 16 16 8 10 10 8 10 10 12 23 23 13 10 12 12 16 8 13 23 20 13 12 11 13 11 11 13 12 35 15 9 16 12 26 26 19 12 11 14 12 10 9 12 12 10 11 11 30 12 13 24 13 10 10 21 15 19 13 24 16 12 15 24 12 23 18 11 14 17 9 13 11 5 4 4 4 7 5 4 11 11 4 4 5 4 9 4 4 6 6 4 4 5 4 5 5 5 5 4 5 6 5 7 4 5 4 4 5 6 4 4 6 5 4 4 4 6 10 4 4 8 6 5 4 5 8 5 8 5 10 7 7 8 7 5 5 5 12 4 4 8 5 5 7 11 5 11 5 5 5 5 7 6 6 6 7 5 6 15 4 5 4 4 5 5 5 5 5 8 9 6 5 6 6 9 5 4 4 5 5 10 5 5 5 4 5 8 4 4 4 4 8 5 6 6 4 4 4 5 11 4 6 6 6 4 4 4 4 5 6 6 4 9 4 10 13 4 5 5 8 6 11 6 5 11 5 6 6 5 8 4 4 4 6 4 4 5 11 7 5 11 5 5 4 12 8 6 10 7 5 4 4 5 5 8 4 6 7 10 4 6 4 10 12 4 5 12 7 4 5 6 12 6 N 5 4 8 5 5 5 9 13 10 6 6 6 8 4 6 4 7 4 7 5 8 5 6 5 7 4 11 5 6 4 5 7 4 4 4 7 5 4 7 6 5 6 9 5 5 6 8 8 6 6 6 4 4 6 4 10 13 10 6 6 4 6 5 5 5 4 4 5 14 5 14 4 5 8 6 13 10 7 5 5 6 12 4 6 7 6 13 4 5 6 5 5 6 5 5 5 5 8 10 11 4 4 9 11 7 4 11 4 5 9 10 9 11 10 5 4 15 5 10 12 5 4 7 7 13 11 10 4 10 5 4 6 5 4 4 8 4 6 4 7 5 8 5 4 8 14 11 4 7 5 8 8 4 7 5 9 5 6 4 6 11 5 4 6 4 10 N 6 4 11 7 6 11 4 11 11 10 10 5 5 9 4 4 10 10 4 8 5 12 5 11 4 12 4 11 4 5 5 4 5 5 5 11 10 6 5 5 10 4 5 7 4 14 5 4 4 12 4 5 11 4 11 8 6 10 5 9 9 5 7 4 7 6 10 5 13 8 7 4 13 8 4 4 11 4 13 12 9 5 6 4 N 4 10 12 7 14 4 6 19 10 4 9 5 7 5 N 5 N 4 4 15 11 6 6 4 6 24 5 5 6 9 7 10 4 4 18 6 10 6 7 5 5 4 10 13 6 5 10 6 5 7 5 4 17 6 9 N 4 4 12 N 16 13 13 6 11 5 8 4 5 10 11 4 11 5 6 5 4 5 5 6 N 5 8 6 4 8 6 7 6 11 14 4 9 7 8 N 5 5 8 11 5 8 26 8 5 4 9 10 8 5 N 4 11 16 13 11 13 5 7 9 8 18 4 9 N 4 8 7 16 11 11 4 5 6 9 6 5 9 14 5 16 4 N 7 5 N 4 18 19 10 5 9 10 4 4 4 10 8 10 4 8 6 13 6 13 4 11 5 13 5 5 6 7 13 14 5 10 4 7 5 4 9 4 6 5 4 5 4 12 7 8 7 6 11 N 6 6 9 4 5 13 6 11 4 4 16 10 N 5 10 4 N N 4 5 N 5 9 5 12 6 4 17 7 4 5 6 6 5 4 22 4 4 5 5 4 4 10 6 11 8 5 14 4 5 11 5 5 5 7 11 11 10 6 N 7 7 7 8 5 9 6 7 4 11 13 9 5 N 7 5 5 8
* Kit 458233 has 111 STRs.
458233 13 24 14 11 11 14 12 12 12 13 13 29 19 9 9 11 11 25 15 19 28 15 15 17 17 11 11 19 23 16 15 16 18 35 35 12 12 11 9 16 16 8 10 10 8 10 10 12 23 23 13 10 12 12 16 8 13 23 20 13 12 11 13 11 11 13 12 36 15 9 16 12 26 26 19 12 11 15 12 10 9 12 12 10 11 11 30 12 13 24 13 10 11 21 15 19 12 24 16 12 15 24 12 23 18 11 14 17 9 13 11
* Kit 480118 has 838 STRs.
480118 13 24 14 11 11 15 12 12 12 13 13 29 18 9 9 11 11 25 15 19 28 15 15 17 17 11 11 19 23 16 15 16 17 35 35 12 12 11 9 16 16 8 10 10 8 10 10 12 23 23 13 10 12 12 16 8 13 23 20 13 12 11 13 11 11 13 12 35 15 9 16 12 26 26 19 12 11 14 12 10 9 12 12 10 11 11 30 12 12 24 13 10 10 21 15 19 13 24 16 12 15 24 12 23 18 11 14 17 9 13 11 5 4 4 4 7 5 4 11 11 4 4 5 4 9 4 4 6 6 4 4 5 4 5 5 5 5 4 5 6 5 7 4 5 4 4 5 6 4 4 6 5 4 4 4 6 10 4 4 8 6 5 4 5 8 5 8 5 10 7 7 8 7 5 5 5 12 4 4 8 5 5 7 11 5 11 5 5 5 5 7 6 6 6 7 5 6 15 4 5 4 4 5 5 5 5 5 8 9 6 5 6 6 9 5 4 4 5 5 10 5 5 5 4 5 8 4 4 4 4 8 5 6 6 4 4 4 5 11 4 6 6 6 4 4 4 4 5 6 6 4 9 4 10 13 4 5 5 8 6 11 6 5 11 5 6 6 5 8 4 4 4 6 4 4 5 11 7 5 11 5 5 4 12 8 6 10 7 5 4 4 5 5 8 4 6 7 10 4 6 4 10 12 4 5 12 7 4 5 6 12 6 N 5 4 8 5 5 5 9 13 10 6 6 6 8 4 6 4 7 4 7 5 8 5 6 5 7 4 11 5 6 4 5 7 4 4 4 7 5 4 7 6 5 6 9 5 5 6 8 8 6 6 6 4 4 6 4 10 13 10 6 6 4 6 5 5 5 4 4 5 14 5 14 4 5 8 6 13 10 7 5 5 6 13 4 6 7 6 13 4 5 6 5 5 6 5 N 5 5 8 10 11 4 4 N 11 7 4 11 4 5 9 10 9 11 10 5 4 15 5 10 12 5 4 7 7 13 11 10 4 10 5 4 6 5 4 4 8 4 6 4 7 5 8 5 4 8 14 11 4 7 5 8 8 4 7 5 9 5 6 4 6 11 5 4 6 4 N 6 6 4 11 7 6 11 4 N 11 10 10 5 5 9 4 4 10 10 4 8 5 12 5 11 4 12 4 N 4 5 5 4 5 5 5 11 10 6 5 5 10 4 5 7 4 14 5 4 4 N 4 5 11 4 11 8 6 10 5 9 9 N 7 4 N 6 10 5 13 8 7 4 13 8 4 4 11 4 N 12 N 5 6 4 N 4 10 12 7 13 4 6 19 10 4 9 5 7 5 N 5 5 4 4 15 11 6 6 N 6 24 5 5 6 9 7 10 4 4 N 6 10 6 7 5 5 4 10 13 6 5 10 6 5 7 5 4 17 6 9 N 4 4 12 5 16 13 13 6 11 5 8 4 5 10 11 4 11 5 6 5 4 5 5 6 N 5 8 6 4 8 6 7 6 11 14 4 9 7 8 N 5 5 8 11 5 8 26 8 5 4 9 N 8 5 5 4 11 16 13 N 13 N 7 9 8 N N 9 4 4 N 7 16 11 11 4 5 6 9 6 5 9 14 5 16 4 N 7 5 N 4 18 18 10 5 9 10 4 4 4 10 8 10 4 8 6 N 6 13 4 11 5 13 5 5 6 7 N N 5 N 4 7 5 N 9 4 6 5 4 5 4 12 7 8 7 6 N 7 6 6 9 4 5 13 6 11 4 4 16 10 8 5 N 4 N N 4 5 N 5 9 5 12 6 4 17 7 4 N 6 6 5 4 22 4 4 5 5 N 4 10 6 11 8 5 14 N 5 11 5 5 5 7 11 11 N 6 17 7 7 7 8 5 9 6 7 4 11 N 9 5 10 7 5 5 8
* Kit 541320 has 838 STRs.
541320 13 24 14 11 11 14 12 12 12 13 13 29 19 9 9 11 11 25 15 19 28 15 15 17 17 11 11 19 23 16 15 16 18 35 35 12 12 11 9 16 16 8 10 10 8 10 10 12 22 22 13 10 12 12 16 8 13 23 20 13 12 11 13 11 11 13 12 36 15 9 16 12 26 26 19 12 11 13 12 10 9 12 12 10 11 11 30 12 13 24 13 10 10 22 15 19 13 24 16 12 15 24 12 23 18 11 14 17 9 13 11 5 4 4 4 7 5 4 11 11 4 4 5 4 9 4 4 6 6 4 4 5 4 5 5 5 5 4 5 6 5 7 4 5 4 4 5 6 4 4 6 5 4 4 4 6 10 4 4 8 6 5 4 5 8 5 8 5 10 7 7 8 7 5 5 5 12 4 4 8 5 5 7 11 5 11 5 5 5 5 7 6 6 6 7 5 6 15 4 5 4 4 5 5 5 5 5 8 9 6 5 6 6 9 5 4 4 5 5 11 5 5 5 4 5 8 4 4 4 4 8 5 6 6 4 4 4 5 11 4 6 6 6 4 4 4 4 5 6 6 N 9 4 10 13 4 5 5 8 6 11 6 5 11 5 6 6 5 8 4 4 4 6 4 4 5 11 7 5 11 5 5 4 12 8 6 10 7 5 4 4 5 5 8 4 6 7 10 4 6 4 10 12 4 5 12 7 4 5 6 12 6 N 5 4 8 5 5 5 9 13 10 6 6 6 8 4 6 4 7 4 7 5 8 5 6 5 7 4 11 5 6 4 5 7 4 4 4 7 5 4 7 6 5 6 9 5 5 6 8 8 6 6 6 4 4 6 4 10 13 10 6 6 4 6 5 5 5 4 4 5 14 5 14 4 5 8 6 13 10 7 5 5 6 12 4 6 7 6 13 4 5 6 5 5 6 5 5 5 5 8 10 11 4 4 9 11 7 4 11 4 5 9 10 9 11 10 5 4 15 5 10 12 5 4 7 7 13 11 10 4 10 5 4 6 5 4 4 8 4 6 4 7 5 8 5 4 8 14 11 4 7 5 8 8 4 7 5 9 5 6 4 6 11 5 4 6 4 10 6 6 4 11 7 6 11 4 11 11 10 10 5 5 9 4 4 10 10 4 8 5 12 5 11 4 12 4 11 4 5 5 4 5 5 5 11 10 6 5 5 10 4 5 7 4 14 5 4 4 12 4 5 11 4 11 8 6 10 5 9 9 5 7 4 N 6 10 5 13 8 7 4 13 8 4 4 11 4 13 12 9 5 6 4 N 4 10 12 7 14 4 6 19 10 4 9 5 7 5 N N 5 4 4 15 11 6 6 N 6 24 5 5 6 9 7 10 4 4 N 6 10 6 7 5 5 4 10 13 6 5 10 6 5 7 5 4 16 6 9 N 4 4 12 5 16 13 13 6 11 5 8 4 5 10 11 4 11 5 6 5 4 5 5 6 N 5 8 6 4 8 6 7 6 N 14 4 9 7 8 N 5 5 N 11 5 8 26 8 5 4 9 10 8 5 5 4 11 16 13 11 13 5 7 9 8 17 4 9 4 4 8 7 16 11 11 4 5 6 9 6 5 9 14 5 N 4 N 7 5 N 4 18 N 10 5 9 10 4 4 4 10 8 10 4 8 6 13 6 13 4 11 5 13 5 5 6 7 13 14 5 10 4 7 5 N 9 4 6 5 4 5 4 12 7 N 7 6 N N 6 6 9 4 5 13 6 11 N 4 16 10 N 5 10 4 N N 4 5 N 5 9 5 12 6 4 17 7 4 5 6 6 5 4 N 4 4 5 5 4 4 10 6 11 8 5 14 N 5 11 5 5 5 7 N 10 10 6 17 N 7 7 8 5 9 6 7 4 11 13 N 5 10 7 5 5 8
* Kit 542531 has 838 STRs.
542531 13 24 14 11 11 14 12 12 13 13 13 29 19 9 9 11 11 25 15 19 28 15 15 17 17 11 11 19 23 16 15 16 18 35 35 12 12 11 9 16 16 8 10 10 8 10 10 12 23 23 13 10 12 12 16 8 13 23 20 13 12 11 13 11 11 13 12 36 15 9 16 12 26 26 19 12 11 15 12 10 9 12 12 10 11 11 30 12 13 24 13 10 10 21 15 19 12 24 16 12 15 24 12 23 18 11 14 17 9 13 11 5 4 4 4 7 5 4 11 11 4 4 5 4 9 4 4 6 6 4 4 5 4 5 5 5 5 4 5 6 5 7 4 5 4 4 5 6 4 4 6 5 4 4 4 6 10 4 4 8 6 5 4 5 8 5 8 5 10 7 7 8 7 5 5 5 12 4 4 8 5 5 7 11 5 11 5 5 5 5 7 6 6 6 7 5 6 15 4 5 4 4 5 5 5 5 5 8 9 6 5 6 6 9 5 4 4 5 5 10 5 5 5 4 5 8 4 4 4 4 8 5 6 6 4 4 4 5 11 4 6 6 6 4 4 4 4 5 6 6 4 9 4 10 13 4 5 5 8 6 11 6 5 11 5 6 6 5 8 4 4 4 6 4 4 5 11 7 5 11 5 5 4 12 8 6 10 7 5 4 4 5 5 8 4 6 7 10 4 6 4 10 12 4 5 12 7 4 5 6 12 6 8 5 4 8 5 5 5 9 13 10 6 6 6 8 4 6 4 7 4 7 5 8 5 6 5 7 4 11 5 6 4 5 7 4 4 4 7 5 4 7 6 5 6 9 5 5 6 8 8 6 6 6 4 4 6 4 10 13 10 6 6 4 N 5 5 5 4 4 5 14 5 14 4 5 8 6 13 10 7 5 5 6 12 4 6 7 6 13 4 5 6 5 5 6 5 N 5 5 8 10 11 4 4 9 11 7 4 11 4 5 9 10 9 11 10 5 4 15 5 10 12 5 4 7 7 13 11 10 4 10 5 4 6 5 4 4 8 4 6 4 7 5 8 5 4 8 14 11 4 7 5 8 8 4 7 5 9 5 6 4 6 11 5 4 6 4 10 6 6 4 11 7 6 11 4 11 11 10 10 5 5 9 4 4 10 10 4 8 5 12 5 11 4 12 4 11 4 5 5 4 5 5 5 11 10 6 5 5 10 4 5 7 4 14 5 4 4 N 4 5 11 4 11 8 6 10 5 9 9 5 7 4 7 6 10 5 13 8 7 4 13 8 4 4 11 4 13 12 9 N 6 4 N 4 N 12 7 N 4 6 19 10 4 9 5 7 5 4 5 5 4 4 15 11 6 6 4 6 23 5 5 6 9 7 10 4 4 N 6 10 6 7 5 5 4 10 13 N 5 10 6 5 7 5 4 15 6 9 N 4 4 12 5 16 13 13 6 11 5 8 4 5 10 11 4 11 5 N 5 4 5 5 6 N N 8 6 4 8 N 7 N N N N 9 7 8 N 5 5 N 11 5 8 26 8 5 4 9 10 8 5 5 4 N 16 13 N 13 5 7 9 N 17 N 9 N 4 8 7 18 11 11 4 5 6 9 6 5 9 14 5 16 4 12 7 5 8 4 18 N 10 5 9 10 4 4 N 10 8 10 4 8 6 N 6 13 4 11 5 13 5 5 6 7 13 N 5 N 4 7 5 N 9 N 6 5 4 5 4 N 7 8 7 6 11 N 6 6 9 4 5 13 6 11 N 4 N 10 N 5 10 4 5 N 4 5 N 5 9 5 12 6 N N 7 4 5 6 N 5 4 N 4 4 N 5 4 4 10 6 11 8 5 14 4 5 N 5 5 5 7 11 N 10 6 N 7 7 7 8 5 N 6 N 4 11 12 9 5 10 7 N 5 8
* Kit 544698 has 838 STRs.
544698 13 24 14 11 11 14 12 12 12 13 13 29 19 9 9 11 11 25 15 19 28 15 15 17 17 11 11 19 23 16 15 16 17 35 35 12 12 11 9 16 16 8 10 10 8 10 10 12 23 23 13 10 12 12 16 8 13 23 20 13 12 11 13 11 11 13 12 35 15 9 16 12 26 26 19 12 11 15 12 10 9 12 12 10 11 11 30 12 13 24 13 10 10 22 15 19 13 24 16 12 15 24 12 23 18 11 14 17 9 13 11 5 4 4 4 7 5 4 11 11 4 4 5 4 9 4 4 6 6 4 4 5 4 5 5 5 5 4 5 6 5 7 4 5 4 4 5 6 4 4 6 5 4 4 4 6 10 4 4 8 6 5 4 5 8 5 8 5 10 7 7 8 7 5 5 5 12 4 4 8 5 5 7 11 5 11 5 5 5 5 7 6 6 6 7 5 6 15 4 5 4 4 5 5 5 5 5 8 9 6 5 6 6 9 5 4 4 5 5 10 5 5 5 4 5 N 4 4 4 4 8 5 6 6 4 4 4 5 11 4 6 6 6 4 4 4 4 5 6 6 4 9 4 10 13 4 5 5 8 6 11 6 5 11 5 6 6 5 8 4 4 4 6 4 4 5 11 7 5 11 5 5 4 12 8 6 10 7 5 4 4 5 5 8 4 6 7 10 4 6 4 10 12 4 5 12 7 4 5 6 12 6 8 5 4 8 5 5 5 9 13 10 6 6 6 8 4 6 N 7 4 7 5 8 5 6 5 7 4 11 5 6 4 5 7 4 4 4 7 5 4 7 6 5 6 9 5 5 6 8 8 6 6 6 4 4 6 4 10 13 10 6 6 4 6 5 5 5 4 4 5 15 5 14 4 5 8 6 13 10 7 5 5 6 12 4 6 7 6 13 4 5 6 5 5 6 5 5 5 5 8 10 11 4 4 9 11 7 4 11 4 5 9 10 9 11 10 5 4 15 5 10 12 5 4 7 7 13 11 10 4 10 5 4 6 5 4 4 8 4 6 4 7 5 8 5 4 8 14 11 4 7 5 8 8 4 7 5 9 5 6 4 6 11 5 4 6 4 10 6 6 4 11 7 6 11 4 11 11 10 10 5 5 9 4 4 10 10 4 8 5 12 5 11 4 12 4 11 N 5 5 4 5 5 5 11 10 6 N 5 10 4 5 7 4 14 5 4 4 12 4 5 11 N 11 8 6 10 5 9 9 5 7 N 7 6 10 5 13 8 7 4 13 8 4 4 11 4 13 12 9 N 6 4 N 4 N N 7 14 4 N N 10 4 9 N 7 N N 5 5 N 4 N 11 6 N N 6 24 N N 6 9 7 N 4 N 17 N 10 N 7 5 5 4 10 13 6 5 N N 5 7 N 4 N 6 N N 4 4 12 5 N N 13 N 11 5 8 4 5 10 N 4 11 5 N 5 4 N 5 6 4 5 N 6 4 N N 7 N N 15 4 9 7 8 N N 5 8 11 5 8 26 8 N 4 9 N N N 5 4 11 16 13 N N 5 7 N 8 16 4 N 4 4 8 7 N 11 11 4 5 6 N N N 9 14 5 16 N N 7 5 8 N N N 10 N N 10 4 4 4 N N 10 4 N 6 N 6 13 4 11 N 13 N 5 N 7 13 14 5 N 4 N N 4 9 4 6 5 4 N 4 12 7 8 7 6 11 7 6 6 9 4 5 N N 11 4 4 16 10 N 5 11 4 N N N 5 N N 9 5 12 6 4 17 7 N 5 N N N 4 N N 4 5 5 4 4 10 6 N 8 5 N N 5 N 5 N 5 7 11 11 N 6 17 7 N N N 5 N N N 4 N 13 N 5 10 7 5 5 N
* Kit 613073 has 838 STRs.
613073 13 24 14 11 11 14 12 12 12 13 13 29 19 9 9 11 11 25 15 19 28 15 15 17 17 11 11 19 23 16 15 16 18 35 35 12 12 11 9 16 16 8 10 10 8 10 10 12 23 23 13 10 12 12 16 8 13 24 20 13 12 11 13 11 11 13 12 36 15 9 16 12 26 26 19 12 11 15 12 10 9 12 12 10 11 11 30 12 13 24 13 10 10 21 15 19 13 24 17 12 15 24 12 23 18 11 15 17 9 12 11 5 4 4 4 7 5 4 11 11 4 4 5 4 9 4 4 6 6 4 4 5 4 5 5 5 5 4 5 6 5 7 4 5 4 4 5 6 4 4 6 5 4 4 4 6 10 4 4 8 6 5 4 5 8 5 8 5 10 7 7 8 7 5 5 5 12 4 4 8 5 5 7 11 5 11 5 5 5 5 7 6 6 6 7 5 6 15 4 5 4 4 5 5 5 5 5 8 9 6 5 6 6 9 5 4 4 5 5 10 5 5 5 4 5 8 4 4 4 4 8 5 6 6 4 4 4 5 11 4 6 6 6 4 4 4 4 5 6 6 4 9 4 10 13 4 5 5 8 6 11 6 5 11 5 6 6 5 8 4 4 4 6 4 4 5 11 7 5 11 5 5 4 12 8 6 10 7 5 4 4 5 5 8 4 6 7 10 4 6 4 10 12 4 5 12 7 4 5 6 12 6 N 5 4 8 5 5 5 9 13 10 6 6 6 8 4 6 4 7 4 7 5 8 5 6 5 7 4 11 5 6 4 5 7 4 4 4 7 5 4 7 6 5 6 9 5 5 6 8 8 6 6 6 4 4 6 4 10 13 10 6 6 4 6 5 5 5 4 4 5 14 5 14 4 5 8 6 13 10 7 5 5 6 12 4 6 7 6 13 4 5 6 5 5 6 5 5 5 5 8 10 11 4 4 9 11 7 4 11 4 5 9 10 9 11 10 5 4 16 5 10 12 5 4 7 7 13 11 10 4 10 5 4 6 5 4 4 8 4 6 4 7 5 8 5 4 8 14 11 4 7 5 8 8 4 7 5 9 5 6 4 6 11 5 4 6 4 10 6 6 4 11 7 6 11 4 11 11 10 10 5 5 9 4 4 10 10 4 8 5 12 5 11 4 12 4 11 4 5 5 4 5 5 5 11 10 6 5 5 10 4 5 7 4 14 5 N 4 12 4 5 11 N 11 N 6 10 5 9 9 5 7 4 7 6 10 5 13 8 7 4 13 8 4 4 11 4 13 12 9 5 6 4 N 4 10 12 7 14 4 6 19 10 4 9 5 7 5 N 5 5 4 4 15 11 6 6 4 6 24 5 5 6 9 7 10 4 4 18 6 10 6 7 5 5 4 10 13 6 5 10 6 5 7 5 4 17 6 9 N 4 4 12 5 16 13 13 6 11 5 8 4 5 10 11 4 11 5 6 5 4 5 5 6 N 5 8 6 4 8 6 7 6 11 14 4 9 7 8 N 5 5 8 11 5 8 27 8 5 4 9 10 8 5 5 4 N 16 13 11 13 5 7 9 8 N 4 9 4 4 8 7 16 11 12 4 5 6 9 6 5 9 14 5 N 4 12 7 5 N 4 18 N 10 5 N 10 4 4 4 10 8 10 4 8 6 N 6 13 4 11 5 13 5 5 6 7 N 14 5 N 4 7 5 N 9 4 6 5 4 5 4 12 7 N 7 6 11 N 6 6 9 4 5 13 6 11 4 4 16 10 N 5 N 4 N 6 4 5 N 5 N 5 12 6 4 17 7 4 5 6 6 5 4 21 4 4 5 5 4 4 10 6 11 8 5 14 4 5 11 5 5 5 N N 10 10 6 18 N 7 7 8 5 N 6 7 4 11 13 N 5 10 7 5 5 8
* Kit 71156 has 838 STRs.
71156 13 24 14 11 11 14 12 12 12 13 13 29 19 9 9 11 11 25 15 19 28 15 15 17 17 11 11 19 23 16 15 16 18 35 35 12 12 11 9 16 16 8 10 10 8 10 10 12 23 23 13 10 12 12 16 8 13 23 20 13 12 11 13 11 11 13 12 36 15 9 16 12 25 26 19 12 11 15 12 10 9 12 12 10 11 11 30 12 13 24 13 10 10 21 15 19 13 24 16 12 15 24 12 23 18 11 14 17 9 13 11 5 4 4 4 7 5 4 11 11 4 4 5 4 9 4 4 6 6 4 4 5 4 5 5 5 5 4 5 6 5 7 4 5 4 4 5 6 4 4 6 5 4 4 4 6 10 4 4 8 6 5 4 5 8 5 8 5 10 7 7 8 7 5 5 5 12 4 4 8 5 5 7 11 5 11 5 5 5 5 7 6 6 6 7 5 6 14 4 5 4 4 5 5 5 5 5 8 9 6 5 6 6 9 5 4 4 5 5 10 5 5 5 4 5 8 4 4 4 4 8 5 6 6 4 4 4 5 11 4 6 6 6 4 4 4 4 5 6 6 4 9 4 10 13 4 5 5 8 6 11 6 5 11 5 6 6 5 8 4 4 4 6 4 4 5 11 7 5 11 5 5 4 12 8 6 10 7 5 4 4 5 5 8 4 6 7 10 4 6 4 10 13 4 5 12 7 4 5 6 12 6 N 5 4 8 5 5 5 9 13 9 6 6 6 8 4 6 4 7 4 7 5 8 5 6 5 7 4 11 5 6 4 5 7 4 4 4 7 5 4 7 6 5 6 9 5 5 6 8 8 6 6 6 4 4 6 4 10 13 10 6 6 4 6 5 5 5 4 4 5 14 5 14 4 5 8 6 13 10 7 5 5 N 12 4 6 7 6 13 4 5 6 5 5 6 5 5 5 5 8 10 11 4 4 9 11 7 4 11 4 5 9 10 9 11 10 5 4 15 5 10 12 5 4 7 7 13 11 10 4 10 5 4 6 5 4 4 8 4 6 4 7 5 8 5 4 8 14 11 4 7 5 8 8 4 7 5 9 5 6 4 6 11 5 4 6 4 10 6 6 4 11 7 6 11 4 10 11 10 10 5 5 9 4 4 10 10 4 8 5 12 5 11 4 12 4 11 4 5 5 4 5 N 5 11 10 6 5 5 10 4 5 7 4 14 5 4 4 12 4 5 11 4 11 8 6 10 5 9 9 5 7 4 7 6 10 5 13 8 7 4 13 8 4 4 11 4 13 12 9 N 6 N N 4 10 12 7 14 4 6 19 10 4 9 5 7 5 N 5 5 4 4 15 11 6 6 N 6 24 5 5 6 9 7 10 4 4 18 6 10 6 7 5 5 4 10 13 6 5 10 6 5 7 5 4 N 6 9 N 4 4 12 5 16 13 13 6 11 5 8 4 5 10 11 4 11 5 6 5 4 5 5 6 4 5 8 6 4 8 6 7 6 N 15 4 9 7 8 N N 5 N 11 5 8 N 8 5 4 9 10 8 5 5 4 11 16 13 11 13 N 7 9 8 17 4 9 4 4 N 7 N 11 11 4 5 6 9 6 5 9 14 5 N 4 12 7 5 N 4 17 19 10 5 9 10 4 4 4 10 8 10 4 8 6 N 6 13 4 11 5 13 5 5 6 7 13 14 5 10 4 7 5 N 9 4 6 5 4 5 N N 7 8 7 6 N N 6 6 9 4 5 13 6 11 4 4 16 10 N N 10 4 N 6 4 5 N 5 9 5 12 6 4 17 7 4 5 6 6 5 4 N 4 4 5 5 4 4 10 6 11 8 5 14 4 N 11 5 5 5 7 N 10 10 6 17 N 7 7 8 5 9 6 7 4 11 13 9 5 10 7 N 5 8
* Kit 727515 has 838 STRs.
727515 13 24 14 11 11 14 12 12 12 13 13 29 19 9 9 11 11 25 15 19 28 15 15 17 17 11 11 19 23 16 15 16 18 35 35 12 12 11 9 16 16 8 10 10 8 10 10 12 23 23 13 10 12 12 16 8 13 23 20 13 12 11 13 11 11 13 12 36 15 9 16 12 26 26 19 12 11 15 12 10 9 12 12 10 11 11 30 12 13 24 13 10 10 20 15 19 13 24 16 12 15 24 12 23 18 11 14 17 9 13 11 5 4 4 4 7 5 4 11 11 4 4 5 4 9 4 4 6 6 4 4 5 4 5 5 5 5 4 5 6 5 7 4 5 4 4 5 6 4 4 6 5 4 4 4 6 10 4 4 8 6 5 4 5 8 5 8 5 10 7 7 8 7 5 5 5 12 4 4 8 5 5 7 11 5 11 5 5 5 5 7 6 6 6 7 5 6 15 4 5 4 4 5 5 5 5 5 8 9 6 5 6 6 9 5 4 4 5 5 10 5 5 5 4 5 8 4 4 4 4 8 5 6 6 4 4 4 5 11 4 6 6 6 4 4 4 4 5 6 6 4 9 4 10 13 4 5 5 8 6 11 6 5 11 5 6 6 5 8 4 4 4 6 4 4 5 11 7 5 11 5 5 4 12 8 6 10 7 5 4 4 5 5 8 4 6 7 10 4 6 4 10 12 4 5 12 7 4 5 6 12 6 N 5 4 8 5 5 5 9 13 10 6 6 6 8 4 6 4 7 4 7 5 8 5 6 5 7 4 11 5 6 4 5 7 4 4 4 7 5 4 7 6 5 6 9 5 5 6 8 8 6 6 6 4 4 6 4 10 13 10 6 6 4 6 5 5 5 4 4 5 14 5 14 4 5 8 6 13 10 7 5 5 6 12 4 6 N 6 13 4 5 6 5 5 6 5 5 5 5 8 10 11 4 4 9 11 7 4 11 4 5 9 10 9 11 10 5 4 15 5 10 12 5 4 7 7 13 11 10 4 N 5 4 6 5 4 4 8 4 6 4 7 5 8 5 4 8 14 11 4 7 5 8 8 4 7 5 9 5 6 4 6 11 5 4 6 4 10 6 6 4 11 7 6 11 4 11 11 10 10 5 5 9 4 N 10 10 4 8 5 12 5 11 4 12 4 11 4 5 5 4 5 5 5 11 10 6 5 5 10 4 5 7 4 14 5 4 4 12 4 N 11 4 11 8 6 10 5 9 9 5 7 4 N 6 10 5 13 8 7 4 13 8 4 4 11 4 13 12 9 N 6 4 8 4 10 12 7 14 4 6 19 10 4 9 5 7 5 N 5 5 4 4 15 11 6 6 4 6 24 N 5 6 9 7 N 4 4 18 6 10 6 7 5 5 4 10 13 6 5 10 6 5 7 5 4 N 6 9 N 4 4 12 5 16 N 13 6 11 5 8 4 5 10 11 4 N 5 6 5 4 5 5 6 N N 8 6 4 8 6 7 6 11 N 4 9 7 8 N 5 5 N 11 5 8 26 8 5 4 9 10 8 5 N 4 11 16 13 11 13 5 7 9 8 17 4 9 N 4 8 7 16 11 11 4 5 6 9 6 5 9 14 5 16 4 12 7 5 N 4 18 N 10 5 9 10 4 4 4 10 8 10 4 8 6 N 6 13 4 11 N 13 5 5 6 7 13 14 5 N 4 7 N N 9 4 6 5 4 5 N N 7 8 7 6 11 N 6 6 9 4 5 13 6 11 4 4 N 10 N 5 10 4 N N 4 5 N 5 9 5 12 6 4 N 7 4 5 6 6 5 4 21 4 4 5 5 N N 10 6 N 8 5 14 N 5 11 5 5 5 N N 10 10 6 17 7 7 7 8 5 9 6 7 4 11 13 N 5 10 7 5 5 8
* Kit 89464 has 37 STRs.
89464 13 24 14 11 11 14 12 12 12 13 13 29 19 9 9 11 11 25 15 19 28 15 15 17 17 11 11 19 23 16 15 16 18 35 35 12 12
* Kit 909694 has 111 STRs.
909694 13 24 14 11 11 14 12 12 12 13 13 29 19 8 8 11 11 25 15 19 28 15 15 17 17 11 11 19 23 16 15 16 17 35 35 12 12 11 9 16 16 8 10 10 8 10 10 12 23 23 13 10 12 12 16 8 14 23 20 13 12 11 13 11 11 13 12 35 15 9 16 12 26 26 19 12 11 14 12 10 9 12 12 10 11 11 30 12 13 24 13 10 10 21 15 19 13 25 16 12 15 24 12 23 18 11 14 17 9 13 11
* Kit 911337 has 37 STRs.
911337 13 24 14 11 11 14 12 12 12 14 13 30 19 9 9 11 11 25 15 19 28 15 15 17 17 11 11 19 23 16 15 16 18 35 35 12 12
* Kit 94015 has 838 STRs.
94015 13 24 14 11 11 14 12 12 12 13 13 29 19 9 9 11 11 25 15 19 28 15 15 17 17 11 11 19 23 16 15 16 18 35 35 12 12 11 9 16 16 8 10 10 8 10 10 12 23 23 13 10 12 12 16 8 13 23 20 13 12 11 13 11 11 13 12 36 15 9 16 12 26 26 19 12 11 14 12 10 9 12 12 10 11 11 30 12 13 24 13 10 10 21 15 19 13 24 16 12 15 24 12 23 18 11 14 17 9 13 11 5 4 4 4 7 5 4 11 11 4 4 5 4 9 4 4 6 6 4 4 5 4 5 5 5 5 4 5 6 5 7 4 5 4 4 5 6 4 4 6 5 4 4 4 6 10 4 4 8 6 5 4 5 8 5 8 5 10 7 7 8 7 5 5 5 12 4 4 8 5 5 7 11 5 11 5 5 5 5 7 6 6 6 7 5 6 14 4 5 4 4 5 5 5 5 5 8 9 6 5 6 6 9 5 4 4 5 5 10 5 5 5 4 5 8 4 4 4 4 8 5 6 6 4 4 4 5 11 4 6 6 6 4 4 4 4 5 6 6 4 9 4 10 13 4 5 5 8 6 11 6 5 11 5 6 6 5 8 4 4 4 6 4 4 5 11 7 5 11 5 5 4 12 8 6 10 7 5 4 4 5 5 8 4 6 7 10 4 6 4 10 12 4 5 12 7 4 5 6 12 6 N 5 4 8 5 5 5 9 13 10 N 6 6 8 4 6 4 N 4 7 5 8 5 6 5 7 4 11 5 6 4 5 7 4 4 4 7 5 4 7 6 5 6 9 5 5 6 8 8 6 6 6 4 4 6 4 10 13 10 6 6 4 6 5 5 5 4 4 5 14 5 14 4 5 8 6 13 10 7 5 5 6 12 4 6 7 6 13 4 5 6 5 5 6 5 5 5 N 8 10 11 4 4 9 11 7 4 11 4 5 9 10 9 11 10 5 4 15 5 10 12 5 4 7 7 13 11 10 4 10 5 4 6 5 4 4 8 4 6 4 7 5 8 5 4 8 14 11 4 7 5 8 8 4 7 5 9 5 6 4 6 11 5 4 6 4 10 6 6 4 11 7 6 11 4 11 11 10 10 5 5 9 4 4 10 10 4 8 5 12 5 11 4 12 4 11 4 5 5 4 5 5 5 11 10 6 5 5 10 4 5 7 4 14 5 4 4 12 4 5 11 4 11 8 6 10 5 9 9 5 7 4 N 6 10 5 13 8 7 4 13 8 4 4 11 4 13 12 9 5 6 N N 4 10 12 7 14 4 6 19 10 4 9 5 7 5 N 5 5 N 4 15 11 6 6 4 6 24 5 5 6 9 7 10 4 4 N 6 10 6 7 5 5 4 10 13 6 5 10 6 5 7 5 4 17 6 9 N 4 4 12 5 16 13 13 6 11 5 8 4 5 10 11 4 N 5 6 5 4 5 5 6 N 5 8 6 4 8 6 7 6 11 14 4 9 7 8 N 5 5 N 11 5 8 26 8 5 4 9 10 8 5 5 4 11 16 13 11 13 5 7 9 8 17 4 9 4 4 8 7 16 11 11 4 5 6 9 6 5 9 14 5 N 4 12 7 5 N 4 18 19 10 5 9 10 4 4 4 10 8 10 4 8 6 13 6 N 4 11 5 13 5 5 6 7 13 14 5 N 4 7 5 N 9 4 6 5 4 5 4 12 7 8 7 6 11 N 6 6 9 4 5 13 N 11 4 4 N 10 N 5 10 4 N 6 4 5 N 5 9 5 12 6 4 17 7 4 5 6 6 5 4 21 4 4 5 5 4 N 10 6 N 8 5 N N N 11 5 5 5 7 11 10 10 6 17 7 7 7 8 5 9 6 7 4 11 13 N 5 10 7 5 5 8
* Kit 972148 has 838 STRs.
972148 13 24 14 11 11 14 12 12 13 13 13 29 18 9 9 11 11 25 15 19 29 15 15 17 17 11 11 19 23 15 15 16 18 35 35 12 12 11 9 16 16 8 10 10 8 10 10 12 23 23 13 10 12 12 16 8 12 23 20 13 12 11 13 11 11 13 12 36 15 9 16 12 26 26 19 12 11 15 12 10 9 12 12 10 11 11 30 12 13 24 13 10 10 21 15 19 13 24 16 12 15 24 12 23 18 11 14 17 9 13 11 5 4 4 4 7 5 4 11 11 4 4 5 4 9 4 4 6 6 4 4 5 4 5 5 5 5 4 5 6 5 7 4 5 4 4 5 6 4 4 6 5 4 4 4 6 10 4 4 8 6 5 4 5 8 5 8 5 10 7 7 8 7 5 5 5 12 4 4 8 5 5 7 11 5 11 5 5 5 5 7 6 6 6 7 5 6 16 4 5 4 4 5 5 5 5 5 8 9 6 5 6 6 9 5 4 4 5 5 10 5 5 5 4 5 8 4 4 4 4 8 5 6 6 4 4 4 5 11 4 6 6 6 4 4 4 4 5 6 6 4 9 4 10 12 4 5 5 8 6 11 6 5 11 5 6 6 5 8 4 4 4 6 4 4 5 11 7 5 11 5 5 4 13 8 6 10 7 5 4 4 5 5 8 4 6 7 10 4 6 4 10 12 4 5 12 7 4 5 6 12 N N 5 4 8 5 5 5 9 13 10 6 6 6 8 4 6 4 7 4 7 5 8 5 6 5 7 4 11 5 6 4 5 7 4 N 4 7 5 4 7 6 5 6 9 5 5 6 8 8 6 6 6 4 4 6 4 10 13 10 6 6 4 6 5 5 5 4 4 5 15 5 14 4 5 8 6 13 10 7 5 5 6 12 4 6 7 6 13 4 5 6 5 5 6 5 5 5 N 8 10 11 4 4 9 11 7 4 11 4 5 9 10 9 11 10 5 N 15 5 10 12 5 4 7 7 13 11 10 4 10 5 4 6 5 4 4 8 4 6 4 7 5 8 5 4 8 14 11 4 7 5 8 8 4 7 5 9 5 N 4 6 11 5 4 6 4 10 6 6 4 11 7 6 11 4 11 11 10 10 5 N 9 4 4 10 10 4 8 5 12 5 N 4 12 4 11 4 5 5 4 5 5 5 11 10 6 5 5 10 4 5 7 4 14 5 4 4 12 4 5 11 4 11 8 6 10 5 9 9 5 7 4 N 6 10 5 13 8 7 4 13 8 4 4 11 4 13 12 9 5 6 4 N 4 10 12 7 14 4 6 19 10 4 9 5 7 5 N 5 5 4 4 14 11 6 6 4 6 23 5 5 6 9 7 10 4 4 18 6 10 6 7 5 5 4 10 13 6 5 10 6 5 7 5 4 17 6 9 N 4 4 12 5 16 13 12 6 11 5 8 4 5 10 11 4 N 5 6 5 4 5 5 6 N 5 8 6 4 8 6 7 6 11 14 4 9 7 8 N 5 5 8 11 5 8 27 9 5 4 9 10 8 5 5 4 11 15 13 11 13 5 7 9 8 17 4 9 4 4 8 7 17 11 11 4 5 6 9 6 5 9 14 5 N 4 N 7 5 N 4 17 19 10 5 9 10 4 4 4 10 8 10 4 8 6 13 6 13 4 11 5 13 5 5 6 7 13 14 5 N 4 7 5 N 9 4 6 5 4 5 N 12 7 8 7 6 11 N 6 6 9 4 5 13 N 11 4 4 N 10 N 5 10 4 N N 4 5 N 5 9 N 12 6 4 17 7 4 5 6 6 5 4 22 4 4 5 5 4 4 10 6 N 8 5 14 N 5 11 5 5 5 7 N 10 10 6 17 7 7 7 8 5 N 6 N 4 11 13 N 5 10 7 5 5 8
* Kit 991341 has 838 STRs.
991341 13 24 14 11 11 14 12 12 12 13 13 29 18 9 9 11 11 25 15 19 28 15 15 17 17 11 11 19 23 16 15 16 18 35 35 12 12 11 9 16 16 8 10 10 8 9 10 12 23 23 13 10 12 12 16 8 13 23 20 13 12 11 13 11 11 13 12 36 15 9 16 12 26 26 19 12 11 15 12 10 9 12 12 10 11 11 30 12 13 24 13 10 10 20 15 19 13 24 16 12 15 24 12 23 18 11 14 17 9 13 11 5 4 4 4 7 5 4 11 11 4 4 5 4 9 4 4 6 6 4 4 5 4 5 5 5 5 4 5 6 5 7 4 5 4 4 5 6 4 4 6 5 4 4 4 6 10 4 4 8 6 5 4 5 8 5 8 5 10 7 7 8 7 5 5 5 12 4 4 8 5 5 7 11 5 11 5 5 5 5 7 6 6 6 7 5 6 15 4 5 4 4 5 5 5 5 5 8 N 6 5 6 6 9 5 4 4 5 5 10 5 5 5 4 5 8 4 4 4 4 8 5 6 6 4 4 4 5 11 4 6 6 6 4 4 4 4 5 6 6 4 9 4 10 13 4 5 5 8 N 11 6 5 11 5 6 6 5 8 4 4 4 6 4 4 5 11 7 5 11 5 5 4 12 8 6 10 7 5 4 4 5 5 8 4 6 7 10 4 6 4 10 13 4 5 12 7 4 5 6 12 6 N 5 4 8 5 5 5 9 13 10 6 6 6 8 4 6 4 7 4 7 5 8 5 6 5 7 4 11 5 6 4 5 7 4 N 4 7 5 4 7 6 5 6 N 5 5 6 8 8 6 6 6 4 4 6 4 10 13 10 6 6 4 6 5 5 5 4 4 5 14 5 14 4 5 8 6 13 10 7 5 5 6 12 4 6 7 6 13 4 5 6 5 5 6 5 5 5 5 8 10 11 4 4 9 11 7 4 11 4 5 9 10 9 11 10 5 4 15 5 10 12 5 4 7 7 13 11 10 4 10 5 4 6 5 4 4 8 4 6 4 7 5 8 5 4 8 14 11 4 7 5 8 8 4 7 5 9 5 6 4 6 11 5 4 6 4 10 6 6 4 11 7 6 11 4 11 11 10 10 5 5 9 4 4 10 9 4 8 5 12 5 11 4 12 4 11 4 N 5 4 5 5 5 11 10 6 5 5 10 4 5 7 4 14 5 4 4 12 4 5 11 4 11 8 6 10 5 9 9 5 7 4 N 6 10 5 13 N 7 4 13 8 4 4 11 4 13 12 9 5 6 4 N 4 10 12 7 14 4 6 N 10 4 9 5 7 5 N 5 N 4 4 N 11 6 6 4 6 23 5 5 6 9 7 10 4 4 18 6 10 6 7 5 5 4 10 13 6 5 10 6 5 7 5 4 17 6 N N 4 4 12 5 16 13 13 6 11 5 8 4 5 10 11 4 11 5 N 5 4 5 5 6 N 5 8 6 4 8 6 7 6 N 14 4 9 7 8 N N 5 N 11 5 8 26 8 5 4 9 10 8 5 5 4 11 16 13 11 13 5 7 N 8 N 4 9 4 4 8 7 N 11 11 4 5 6 9 6 5 9 14 5 16 4 12 7 5 8 4 18 19 10 N N 10 4 N 4 10 8 10 4 8 6 N 6 N 4 11 N 13 N 5 6 7 13 N 5 N 4 7 5 N 9 4 6 5 4 5 4 N 7 8 7 6 N 7 6 6 9 4 5 13 6 11 N 4 16 10 N 5 10 4 N 6 4 5 N 5 9 5 N 6 4 17 7 4 5 6 6 5 4 N 4 4 N 5 N 4 10 6 11 8 5 N 4 5 11 5 5 N 7 11 10 10 6 17 N 7 7 8 5 9 6 7 4 11 13 N 5 10 7 N 5 8
* Kit 999290 has 838 STRs.
999290 13 24 14 11 11 14 12 12 12 13 13 29 19 9 9 11 11 25 15 19 28 15 15 17 17 11 11 19 23 16 15 16 18 35 35 12 12 11 9 16 16 8 10 10 8 10 10 12 23 23 13 10 12 12 16 8 13 23 20 13 12 11 13 11 11 13 12 36 15 9 16 12 26 26 19 12 11 14 12 10 9 12 12 10 10 11 30 12 13 23 13 10 10 21 15 19 13 24 16 12 15 24 12 23 18 11 14 17 9 13 11 5 4 4 4 7 5 4 11 11 4 4 5 4 9 4 4 6 6 4 4 5 4 5 5 5 5 4 5 6 5 7 4 5 4 4 5 6 4 4 6 5 4 4 4 6 10 4 4 8 6 5 4 5 8 5 8 5 10 7 7 8 7 5 5 5 12 4 4 8 5 5 7 11 5 11 5 5 5 5 7 6 6 N 7 5 6 15 4 5 4 4 5 5 5 5 5 8 9 6 5 6 6 9 5 4 4 5 5 10 5 5 5 4 5 8 4 4 4 4 8 5 6 6 4 4 4 5 11 4 6 6 6 4 4 4 4 5 6 6 4 9 4 10 13 4 5 5 8 6 11 6 5 11 5 6 6 5 8 4 4 4 6 4 4 5 11 7 5 11 5 5 4 12 8 6 10 7 5 4 4 5 5 8 4 6 7 10 4 6 4 10 12 4 5 12 7 4 5 6 12 6 N 5 4 8 5 5 5 9 13 10 6 6 6 8 4 6 N 7 4 7 5 8 5 6 5 7 4 11 5 6 4 5 7 4 4 4 7 5 4 7 6 5 6 9 5 5 6 8 8 6 6 6 4 4 6 4 10 13 10 6 6 4 6 5 5 5 4 4 5 14 5 14 4 5 8 6 13 10 7 5 5 6 12 4 6 7 6 13 4 5 6 5 5 6 5 5 5 5 8 10 11 4 4 9 11 7 4 11 4 5 9 10 9 11 10 5 N 15 5 10 12 5 4 7 7 13 11 10 4 10 5 4 6 5 4 4 8 4 6 4 7 5 8 5 4 8 14 11 4 7 5 N 8 4 7 5 9 5 6 4 6 11 5 4 6 4 10 6 6 4 11 7 6 11 4 11 11 10 10 5 5 9 4 4 10 10 4 8 5 12 5 11 4 12 4 11 4 5 5 4 5 5 5 11 11 6 5 5 10 4 5 7 4 14 5 4 4 12 N 5 11 4 11 8 6 10 5 9 9 5 7 4 N 6 10 5 13 8 7 4 13 8 4 4 11 4 13 12 9 N 6 4 8 4 10 12 7 14 4 6 19 10 4 9 5 7 5 N N 5 4 4 15 11 6 6 4 6 23 N 5 6 9 7 10 4 4 18 6 10 6 7 5 5 4 10 13 6 5 10 6 5 7 5 4 17 6 9 6 4 4 12 5 16 13 13 6 11 5 8 4 5 10 11 4 11 5 6 5 4 5 5 6 4 5 8 6 4 8 6 7 6 N 14 4 9 7 8 N 5 5 8 11 5 8 26 8 N 4 9 10 8 5 N 4 11 N 13 11 13 5 7 9 N 17 4 9 N 4 8 7 N 11 11 4 5 6 9 6 5 9 14 5 16 4 N 7 5 N 4 18 N 10 5 9 10 4 4 4 10 8 10 4 8 6 N 6 13 4 11 5 13 5 5 6 7 13 14 5 10 4 7 5 N 9 4 6 5 4 5 N 12 7 8 7 6 11 N 6 6 9 4 5 13 N 11 4 4 16 10 N 5 10 4 N 6 4 5 N 5 9 5 12 6 4 17 7 4 5 6 6 5 4 20 4 4 5 5 4 4 N 6 11 8 5 14 N 5 11 5 5 5 7 N 10 10 6 17 7 7 7 8 5 9 6 7 4 11 13 9 N N 7 N 5 8
* Kit B105877 has 838 STRs.
B105877 13 24 14 11 11 14 12 12 12 13 13 29 19 9 9 11 11 25 15 19 28 15 15 17 17 11 11 19 23 16 15 16 18 35 35 12 12 11 9 16 16 8 10 10 8 10 10 12 23 23 13 10 12 12 16 8 13 23 20 13 12 11 13 11 11 13 12 36 15 9 16 12 26 26 19 12 11 15 12 10 9 12 12 10 11 11 30 12 13 24 13 10 10 21 15 19 13 24 16 12 15 24 12 23 18 11 14 17 9 13 11 5 4 4 4 7 5 4 11 11 4 4 5 4 9 4 4 6 6 4 4 5 4 5 5 5 5 4 5 6 5 7 4 5 4 4 5 6 4 4 6 5 4 4 4 6 10 4 4 8 6 5 4 5 8 5 8 5 10 7 7 8 7 5 5 5 12 4 4 8 5 5 7 11 5 11 5 5 5 5 7 6 6 6 7 5 6 14 4 5 4 4 5 5 5 5 5 8 9 6 5 6 6 9 5 4 4 5 5 10 5 5 5 4 5 8 4 4 4 4 8 5 6 6 4 4 4 5 11 4 6 6 6 4 4 4 4 5 6 6 4 9 4 10 13 4 5 5 8 6 11 6 5 11 5 6 6 5 8 4 4 4 6 4 4 5 11 7 5 11 5 5 4 12 8 6 10 7 5 4 4 5 5 8 4 6 7 10 4 6 4 10 12 4 5 12 7 4 5 6 12 6 8 5 4 8 5 5 5 9 13 10 6 6 6 8 4 6 4 7 4 7 5 8 5 6 5 7 4 11 5 6 4 5 7 4 4 4 7 5 4 7 6 5 6 9 5 5 6 8 8 6 6 6 4 4 6 4 10 13 10 6 6 4 6 5 5 5 4 4 5 14 5 14 4 5 8 6 13 10 7 5 5 6 12 4 6 7 6 13 4 5 6 5 5 6 5 5 5 5 8 10 11 4 4 9 11 7 4 11 4 5 9 10 9 11 10 5 4 15 5 10 12 5 4 7 7 13 11 10 4 10 5 4 6 5 4 4 8 4 6 4 7 5 8 5 4 8 14 11 4 7 5 8 8 4 7 5 9 5 6 4 6 11 5 4 6 4 10 6 6 4 11 7 6 11 4 11 11 10 10 5 5 9 4 4 10 10 4 8 5 12 5 11 4 12 4 11 4 5 5 4 5 5 5 11 10 6 5 5 10 4 5 7 4 14 5 4 4 12 4 5 11 4 11 8 6 10 5 9 9 5 7 4 7 6 10 5 13 8 7 4 13 8 4 4 11 4 13 12 9 5 6 N N 4 10 12 7 14 4 6 19 10 4 9 5 N 5 4 5 5 4 4 15 11 6 6 4 6 24 5 5 6 9 7 10 4 4 18 6 10 6 7 5 5 4 10 13 6 5 10 6 5 7 5 4 17 6 9 N 4 4 12 5 16 13 13 6 11 5 8 4 5 10 11 4 11 5 6 5 4 5 5 6 N 5 8 N 4 N N 7 6 N 14 4 9 7 8 N 5 5 8 N 5 8 26 8 5 4 9 10 8 5 5 4 11 16 13 11 13 5 7 9 8 17 N 9 4 4 8 7 N 11 11 4 5 6 9 6 5 9 14 5 N 4 N 7 5 8 4 18 19 10 5 9 10 4 4 4 10 8 10 4 8 6 N 6 13 4 11 5 13 N 5 6 7 13 15 5 N 4 7 5 N 9 N 6 5 4 5 4 12 7 8 7 6 N N 6 6 9 4 5 13 6 11 4 4 N 10 N 5 10 4 5 6 4 5 4 5 9 5 12 6 4 17 7 4 5 6 6 5 4 N 4 4 5 5 4 N 10 6 11 8 5 14 4 N 11 5 5 5 N 11 10 10 6 N 7 7 7 8 5 9 6 7 4 11 13 9 5 10 7 5 5 8
* Kit B1255475 has 838 STRs.
B1255475 13 24 14 11 11 14 12 12 12 13 13 29 19 9 9 11 11 25 15 19 28 15 15 17 17 11 11 19 23 16 15 16 18 35 35 12 12 11 9 16 16 8 10 10 8 10 10 12 23 23 13 10 12 12 17 8 12 23 20 13 12 11 13 11 11 13 12 36 15 9 16 12 26 26 19 12 11 15 12 10 9 12 12 10 11 11 31 12 13 24 13 10 10 21 15 19 13 24 16 12 15 24 12 23 18 11 14 17 9 13 11 5 4 4 4 7 5 4 11 11 4 4 5 4 9 4 4 6 6 4 4 5 4 5 5 5 N 4 5 6 5 7 4 5 4 4 5 6 4 4 6 5 4 4 4 6 10 N 4 8 6 5 4 5 8 5 8 5 10 7 7 8 7 5 N 5 12 4 4 8 5 5 7 11 5 11 5 5 N 5 7 6 6 6 7 5 6 15 4 5 4 4 5 5 5 5 5 8 9 6 5 6 6 9 5 4 4 5 5 10 5 5 5 4 5 8 4 4 4 4 8 5 6 6 4 4 4 5 N 4 6 N 6 4 4 N 4 5 6 6 4 9 4 10 12 4 5 5 8 6 11 6 5 11 5 6 6 5 8 4 4 4 6 4 4 5 11 7 5 11 5 5 4 13 8 6 10 7 5 4 4 5 5 8 4 6 7 10 4 6 4 10 12 4 5 12 7 4 5 6 12 6 N 5 4 8 5 5 5 9 13 10 6 6 N 8 4 6 4 7 4 7 5 8 5 6 5 7 4 11 5 6 4 5 7 4 4 4 7 5 4 7 6 5 6 9 5 5 6 8 8 6 6 6 4 4 6 4 10 13 10 6 6 4 6 5 5 5 4 4 5 14 5 14 4 5 8 6 13 10 7 5 5 6 N 4 N 7 6 13 4 5 6 5 5 6 5 5 5 5 8 10 11 4 4 9 N 7 4 11 4 5 9 10 9 11 10 5 4 15 5 10 12 5 4 7 7 13 10 10 4 10 5 4 6 5 4 4 8 4 6 4 7 5 8 5 N 8 14 11 4 7 5 8 8 4 7 5 9 5 6 N 6 11 5 4 6 4 10 6 6 4 11 7 6 11 4 11 11 10 10 5 N 9 4 4 10 10 4 8 N N 5 11 4 12 4 N 4 N 5 4 5 5 5 11 10 6 5 5 10 4 5 7 4 14 5 4 4 12 4 N 11 4 N 8 6 10 5 9 9 N 7 4 N 6 10 5 13 8 7 4 13 8 N 4 11 4 N 12 9 5 6 4 N 4 10 12 7 14 4 6 N 10 4 9 5 7 5 N 5 5 4 4 15 11 6 6 4 6 24 5 5 6 9 7 N N 4 18 6 10 6 7 5 5 4 10 13 6 5 N 6 5 7 5 4 17 6 9 N 4 4 N 5 16 13 13 6 11 5 8 4 5 10 11 4 N 5 6 5 4 5 5 6 N 5 8 6 4 8 N 7 6 N N 4 9 7 8 N 5 5 8 11 5 8 26 8 5 4 9 10 8 5 5 4 11 16 13 11 13 5 7 9 8 N 4 N N 4 N 7 N 11 N 4 5 6 9 6 5 9 N 5 16 4 12 7 5 N 4 18 N 10 5 9 10 4 N 4 10 N 10 4 8 6 13 6 13 4 N 5 13 N 5 6 7 13 14 5 N 4 7 5 N 9 4 6 5 4 5 N 12 7 8 7 6 11 N 6 6 9 4 5 N 6 11 4 4 N 10 N 5 N 4 N 6 4 5 N N 9 5 12 6 4 19 7 4 5 6 6 5 4 22 4 4 N 5 4 N N 6 N N 5 14 4 N 11 5 5 5 7 N 10 N 6 17 7 N 7 8 5 N 6 7 4 11 13 N 5 10 7 5 5 8
* Kit B201693 has 838 STRs.
B201693 13 24 14 11 11 14 12 12 12 13 13 29 19 9 9 11 11 25 15 19 28 15 15 17 17 11 11 19 23 16 15 16 18 35 35 12 12 11 9 16 16 8 10 10 8 10 10 12 23 23 13 10 12 12 16 8 13 23 20 13 12 11 13 11 11 13 12 36 15 9 16 12 26 26 19 12 11 15 12 10 9 12 12 10 11 11 30 12 13 24 13 10 10 20 15 19 13 24 16 12 15 24 12 23 18 11 14 17 9 13 11 5 4 4 4 7 5 4 11 11 4 4 5 4 9 4 4 6 6 4 4 5 4 5 5 5 5 4 5 6 5 7 4 5 4 4 5 6 4 4 6 5 4 4 4 6 10 4 4 8 6 5 4 5 8 5 8 5 10 7 7 8 7 5 5 5 12 4 4 8 5 5 7 11 5 11 5 5 5 5 7 6 6 6 7 5 6 13 4 5 4 4 5 5 5 5 5 8 9 6 5 6 6 9 5 4 4 5 5 10 5 5 5 4 5 8 4 4 4 4 8 5 6 6 4 4 4 5 11 4 6 6 6 4 4 4 4 5 6 6 4 9 4 10 13 4 5 5 8 6 11 6 5 11 5 6 6 5 8 4 4 4 6 4 4 5 11 7 5 11 5 5 4 12 8 6 10 7 5 4 4 5 5 8 4 6 7 10 4 6 4 10 12 4 5 12 7 4 5 6 12 6 N 5 4 8 5 5 5 9 13 10 6 6 6 8 4 6 4 7 4 7 5 8 5 6 5 7 4 11 5 6 4 5 7 4 4 4 7 5 4 7 6 5 6 9 5 5 6 8 8 6 6 6 4 4 6 4 10 13 10 6 6 4 6 5 5 5 4 4 5 13 5 14 4 5 8 6 13 10 7 5 5 6 12 4 6 7 6 13 4 5 6 5 5 6 5 5 5 5 8 10 11 4 4 9 11 7 4 11 4 5 9 10 9 11 10 5 4 15 5 10 12 5 4 7 7 13 11 10 4 10 5 4 6 5 4 4 8 4 6 4 7 5 8 5 4 8 14 11 4 7 5 8 8 4 7 5 9 5 6 4 6 11 5 4 6 4 10 6 6 4 11 7 6 11 4 11 11 10 10 5 5 9 4 4 10 10 4 8 5 12 5 11 4 12 4 11 4 5 5 4 5 5 5 11 10 6 5 5 10 4 5 7 4 14 5 4 4 12 4 5 11 4 11 8 6 10 5 9 9 5 7 4 N 6 10 5 13 8 7 4 13 8 4 4 11 4 13 12 9 5 6 4 N 4 N 12 7 14 4 6 19 10 4 9 5 7 5 N 5 5 4 4 15 11 6 6 4 6 24 5 5 6 9 7 10 4 4 18 6 N 6 7 5 5 4 10 13 6 5 10 6 5 N 5 4 17 6 9 N 4 4 12 5 16 13 13 6 11 5 8 4 5 10 11 4 11 5 6 5 4 5 5 6 N 5 8 6 4 8 N 7 6 11 14 4 9 7 8 N 5 5 8 11 5 8 26 8 5 4 9 10 8 5 5 4 11 16 13 11 13 5 7 9 8 17 N 9 4 4 8 7 16 11 11 4 5 6 9 6 5 9 14 5 N 4 12 7 5 8 4 18 19 10 5 9 10 4 4 4 10 8 10 4 8 6 N 6 13 4 11 5 13 5 5 6 7 13 14 5 N 4 7 5 N 9 4 6 5 4 5 N 12 7 N 7 6 N N 6 6 9 4 5 13 6 11 N 4 16 10 N 5 10 4 N N 4 5 4 5 9 5 12 6 4 17 7 4 5 6 6 5 4 N 4 4 5 5 4 4 10 6 11 8 5 14 N N 11 5 5 5 7 11 10 10 6 17 7 7 7 8 5 N 6 7 4 11 13 9 5 10 7 N 5 8
* Kit B223536 has 838 STRs.
B223536 13 24 14 11 11 14 12 12 12 13 13 29 19 9 9 11 11 25 15 19 28 15 15 17 17 11 11 19 23 16 15 16 18 35 35 12 12 11 9 16 16 8 10 10 8 10 11 12 23 23 13 10 12 12 16 8 13 23 20 14 12 11 13 11 11 13 12 37 15 9 16 12 26 26 19 12 11 15 12 10 9 12 12 10 11 11 30 12 13 24 13 10 10 21 15 19 13 25 16 12 15 24 12 23 18 11 14 17 9 13 11 5 4 4 4 7 5 4 11 11 4 4 5 4 9 4 4 6 6 4 4 5 4 5 5 5 5 4 5 6 5 7 4 5 4 4 5 6 4 4 6 5 4 4 4 6 10 4 4 8 6 5 4 5 8 5 8 5 10 7 7 8 7 5 5 5 12 4 4 8 5 5 7 11 5 11 5 5 5 5 7 6 6 6 7 5 6 15 4 5 4 4 5 5 5 5 5 8 9 6 5 6 6 9 5 4 4 5 5 10 5 5 5 4 5 8 4 4 4 4 8 5 6 6 4 4 4 5 11 4 6 6 6 4 4 4 4 5 6 6 4 9 4 10 13 4 5 5 8 6 11 6 5 11 5 6 6 5 8 4 4 4 6 4 4 5 11 7 5 11 5 5 4 12 8 6 10 7 5 4 4 5 5 8 4 6 7 10 4 6 4 10 12 4 5 12 7 4 5 6 12 6 N 5 4 8 5 5 5 9 13 10 6 6 6 8 4 6 4 7 4 7 5 8 5 6 5 7 4 11 5 6 4 5 7 4 4 4 7 5 4 7 6 5 6 9 5 5 6 8 8 6 6 6 4 4 6 4 10 13 10 6 6 4 6 5 5 5 4 4 5 14 5 14 4 5 8 6 13 10 7 5 5 6 12 4 N 7 6 13 4 5 6 5 5 6 N 5 5 5 8 10 11 4 4 9 11 7 4 11 4 5 9 10 9 11 10 5 N 15 5 10 12 5 4 7 7 13 11 10 4 N 5 4 6 5 4 4 8 4 6 4 7 5 8 5 4 8 14 11 4 7 5 8 8 4 7 5 9 5 6 4 6 11 5 4 6 4 10 6 6 4 11 7 6 11 4 11 11 10 10 5 5 9 4 4 10 10 4 8 5 12 5 11 4 12 4 11 4 5 5 4 5 5 5 11 10 6 5 5 10 4 5 7 4 14 5 4 4 12 4 5 11 4 11 8 6 10 N 9 9 5 7 4 N 6 10 5 13 8 7 4 13 8 4 4 11 4 13 12 9 5 6 4 N 4 10 12 7 14 4 6 19 10 4 9 5 7 5 N 5 5 4 4 15 11 6 6 4 6 24 5 5 6 9 7 10 4 4 N 6 10 6 7 5 5 4 10 13 6 5 10 6 5 7 5 N 17 6 9 N 4 4 12 5 16 13 13 6 11 5 8 4 5 10 11 4 11 5 N 5 4 5 5 6 N 5 8 6 4 8 N 7 6 11 14 N 9 7 8 N N 5 N 11 5 8 25 8 5 4 9 10 8 5 5 4 11 16 13 11 13 5 7 9 8 17 4 9 4 4 8 7 16 11 11 4 5 6 9 6 5 9 14 5 N 4 N 7 5 8 4 18 19 10 5 9 10 4 4 4 10 8 10 4 8 6 13 6 13 4 11 5 13 5 5 6 7 13 14 5 N 4 7 5 N 9 4 6 5 4 5 N 12 7 N 7 6 11 N 6 6 9 4 5 13 6 11 4 4 16 10 8 5 10 4 N N 4 5 4 5 9 5 12 6 4 17 7 4 5 6 6 5 4 22 4 4 5 5 4 4 10 6 11 8 5 14 N 5 11 5 5 5 N N 10 N 6 17 7 7 7 8 5 N 6 7 4 11 13 9 5 10 7 5 5 8
* Kit B496896 has 838 STRs.
B496896 13 24 14 11 11 14 12 12 12 13 13 29 20 9 9 11 11 25 15 19 28 15 15 17 17 11 11 19 23 16 15 15 18 35 35 12 12 11 9 16 16 8 10 10 8 10 10 12 23 23 13 10 12 12 16 8 13 23 20 13 12 11 13 11 11 13 12 35 15 9 16 12 26 26 19 13 11 15 12 10 9 12 12 10 11 11 30 12 13 24 13 10 10 21 15 19 12 24 16 12 15 24 12 23 18 11 14 17 9 13 11 5 4 4 4 7 5 4 11 11 4 4 5 4 9 4 4 6 6 4 4 5 4 5 5 5 5 4 5 6 5 7 4 5 4 4 5 6 4 4 6 5 4 4 4 6 10 4 4 8 6 5 4 5 8 5 8 5 10 7 7 8 7 5 5 5 12 4 4 8 5 5 7 11 5 11 5 5 5 5 7 6 6 6 7 5 6 14 4 5 4 4 5 5 5 5 5 8 9 6 5 6 6 9 5 4 4 5 5 10 5 5 5 4 5 8 4 4 4 N 8 5 6 6 4 4 4 5 11 4 6 6 6 4 4 4 4 5 N 6 4 9 4 10 13 4 5 5 8 6 11 6 5 11 5 6 6 5 8 4 4 4 6 4 4 5 11 7 5 11 5 5 4 12 8 6 10 7 5 4 4 5 5 8 4 6 7 10 4 6 4 10 12 4 5 N 7 4 5 6 12 6 N 5 4 8 5 5 5 9 13 10 6 6 6 8 4 6 4 7 4 7 5 8 5 6 5 7 4 11 5 6 4 5 7 4 4 4 7 5 4 7 6 5 6 9 5 5 6 8 8 6 6 6 4 4 6 4 10 13 10 6 6 4 N 5 5 5 4 4 5 14 5 14 4 5 8 6 13 10 7 5 5 N N 4 6 7 6 13 4 5 6 5 5 6 5 N 5 5 8 10 11 4 4 N 11 7 4 11 4 5 9 10 9 N 10 5 4 15 5 10 12 5 4 7 7 13 11 10 N 10 5 4 6 5 4 4 8 4 6 4 7 N 8 5 N 8 14 11 4 7 5 8 8 4 7 5 9 5 6 4 6 N 5 4 N 4 N N 6 4 11 N 6 11 4 N 11 10 10 5 5 N 4 4 N 10 4 8 5 N 5 11 4 12 4 11 4 5 5 4 5 N 5 11 10 6 5 5 10 4 5 7 4 14 5 4 4 N N 5 11 4 11 8 6 10 5 9 9 5 7 4 7 6 10 5 13 8 7 4 N 8 4 4 11 4 N 12 N N 6 4 N 4 10 12 7 N 4 6 N 10 4 9 5 7 5 N 5 5 N 4 15 11 6 6 4 6 N 5 5 6 9 7 10 4 4 N 6 10 6 7 5 5 4 10 13 6 5 10 6 5 7 5 4 N 6 N N 4 4 12 5 16 13 13 N 11 5 8 4 5 10 11 4 11 5 6 5 4 5 5 6 N 5 8 N 4 N 6 7 6 N N 4 9 7 8 N N 5 N 11 5 8 26 8 5 4 9 N 8 5 5 4 11 N 13 N 13 N 7 9 8 N 4 N 4 4 8 7 N 11 N 4 5 6 9 6 5 9 14 5 N 4 N 7 5 N 4 18 N 10 5 9 10 4 N N 9 8 10 4 8 6 13 6 13 4 11 5 13 N 5 6 7 N 14 5 N 4 7 5 N 9 N 6 5 4 5 N N 7 8 N 6 N N 6 6 9 4 5 13 6 11 4 4 16 N N 5 N 4 N 6 4 5 4 5 9 5 12 6 4 17 7 4 5 6 6 5 4 22 4 4 N 5 4 4 10 6 N 8 5 14 4 5 11 5 5 N N 11 10 N 6 15 7 7 7 8 5 9 6 7 4 N N 9 5 10 7 N 5 8
* Kit N31941 has 838 STRs.
N31941 13 24 14 11 11 14 12 12 12 13 13 29 19 9 9 11 11 25 15 19 28 15 15 17 17 11 11 19 23 16 15 16 18 35 35 12 12 11 9 16 16 8 10 10 8 10 10 12 23 23 13 10 12 12 16 8 13 23 20 13 12 11 13 11 11 13 12 36 15 9 16 12 25 26 19 12 11 15 12 10 9 12 12 10 11 11 30 12 13 24 13 10 10 20 15 19 13 24 16 12 15 24 12 23 18 11 14 17 9 13 11 5 4 4 4 7 5 4 11 11 4 4 5 4 9 4 4 6 6 4 4 5 4 5 5 5 5 4 5 6 5 7 4 5 4 4 5 6 4 4 6 5 4 4 4 6 10 4 4 8 6 5 4 5 8 5 8 5 10 7 7 8 7 5 5 5 12 4 4 8 5 5 7 11 5 11 5 5 5 5 7 6 6 6 7 5 6 15 4 5 4 4 5 5 5 5 5 8 9 6 5 6 6 9 5 4 4 5 5 10 5 5 5 4 5 8 4 4 4 4 8 5 6 6 4 4 4 5 11 4 6 6 6 4 4 4 4 5 6 6 4 9 4 10 13 4 5 5 8 6 11 6 5 11 5 6 6 5 8 4 4 4 6 4 4 5 11 7 5 11 5 5 4 12 8 6 10 7 5 4 4 5 5 8 4 6 7 10 4 6 4 10 12 4 5 12 7 4 5 6 12 6 N 5 4 8 5 5 5 9 13 10 6 6 6 8 4 6 4 7 4 7 5 8 5 6 5 7 4 11 5 6 4 5 7 4 N 4 7 5 4 7 6 5 6 9 5 5 6 8 8 6 6 6 4 4 6 4 10 13 10 6 6 4 6 5 5 5 4 4 5 14 5 14 4 5 8 N 13 10 7 5 5 6 12 4 6 7 6 13 4 5 6 5 5 6 5 5 5 5 8 10 11 4 4 9 11 7 4 11 4 5 9 10 9 11 10 5 N 15 5 10 12 5 4 7 7 13 11 10 4 10 5 4 6 5 4 4 8 4 6 4 7 5 8 5 4 8 14 11 4 7 5 8 8 4 7 5 9 5 6 4 6 11 5 4 6 4 10 6 6 4 11 7 6 11 4 11 11 10 10 5 5 9 4 4 10 10 N N 5 12 5 N 4 12 4 11 4 5 5 4 5 5 5 10 10 6 5 5 10 4 5 7 4 14 5 4 4 12 4 5 11 4 11 8 6 10 5 9 9 5 7 4 N N 10 5 13 8 7 4 13 8 4 4 11 4 13 12 9 5 6 4 N 4 N 12 7 14 4 6 19 10 4 9 5 7 5 N 5 5 4 4 15 11 6 6 4 6 N 5 5 6 9 7 10 4 4 18 6 10 6 7 5 N 4 10 13 6 5 10 6 5 7 5 4 17 6 9 N 4 4 12 5 16 13 13 6 11 5 8 4 5 10 11 4 11 5 6 5 4 5 5 6 N 5 8 6 4 8 6 7 6 N 14 4 9 7 8 N 5 5 8 11 5 8 26 8 5 4 9 10 8 5 5 4 11 16 13 11 13 5 7 9 8 17 4 9 4 4 8 7 N 11 11 N 5 6 9 6 5 9 14 5 N 4 N 7 5 8 4 18 19 10 5 9 10 4 4 4 10 8 10 4 8 6 N 6 13 4 11 5 13 5 5 6 7 13 14 5 N 4 7 5 N 9 4 6 5 4 5 4 12 7 8 7 6 N N 6 6 9 4 5 13 6 11 N 4 16 10 N 5 N 4 N 6 4 5 N 5 9 N 12 6 4 N 7 4 5 6 6 5 4 22 4 4 5 5 4 4 10 6 11 8 5 N N 5 11 5 5 N 7 11 10 10 6 17 7 7 7 8 5 9 6 N 4 11 13 N 5 10 7 N 5 8
* Kit N8310 has 37 STRs.
N8310 13 24 14 11 11 14 12 12 12 13 13 29 19 9 9 11 11 25 15 19 28 15 15 17 17 11 11 19 23 16 16 16 18 35 35 12 12
